1111111111111111111111111111000001000000100000011100000100000000011100100010011100111100111110111110111100000001111101111000111001110100010000000000000000000000000000000000000000000000000000000000000000000000000000000000011100000000000000000000000000000000
1000000000000000000000000001000011000001100000100010001100000000100010100010100010100010001000100000100010000000010001000101000100100110010000000000000000000000000000000000000000000000000000000000000000000000000000000000100010000000000000100010000000000000
1000000000000000000000000001000001000010100000000010010100000000100000100010100010100010001000100000100010000000010001000101000100100110010000000000000000000000000000000000000000000000000000000000000000000000000000000000100010000000000000100000000000000000
1000000000000000000000000001000001000100100010000010100100000000100000100010100010100010001000100000100010000000010001000101000100100101010000000000000000000000000000000000000000000000000000000000000000000000000000000000100010101100000001111010110100011100
1000000000000000000000000001000001000100100000000100100100000000100000111110111110111100001000111100111100000000010001111001111100100101010000000000000000000000000000000000000000000000000000000000000000000000000000000000100010110010000000100010101010100010
1000000000000000000000000001000001000111110000001000111110000000100000100010100010101000001000100000101000000000010001010001000100100100110000000000000000000000000000000000000000000000000000000000000000000000000000000000100010100010000000100010101010111110
1000000000000000000000000001000001000000100000010000000100000000100000100010100010100100001000100000100100000000010001001001000100100100110000000000000000000000000000000000000000000000000000000000000000000000000000000000100010100010000000100010101010100000
1000011110010000000000000001000001000000100010100000000100000000100010100010100010100010001000100000100010000000010001000101000100100100010000000000000000000000000000000000000000000000000000000000000000000000000000000000100010100010000000100010101010100010
1000010001010000000010000001000011100000100000111110000100000000011100100010100010100010001000111110100010000000010001000101000101110100010000000000000000000000000000000000000000000000000000000000000000000000000000000000011100100010000000011010101010011100
1000010001010000000010000001000000000000000000000000000000000000000000000000000000000000000000000000000000000000000000000000000000000000000000000000000000000000000000000000000000000000000000000000000000000000000000000000000000000000000000000000000000000000
1000010001010011100111100001000000000000000000000000000000000000000000000000000000000000000000000000000000000000000000000000000000000000000000000000000000000000000000000000000000000000000000000000000000000000000000000000000000000000000000000000000000000000
1000011110010000010010000001000000000000000000000000000000000000000000000000000000000000000000000000000000000000000000000000000000000000000000000000000000000000000000000000000000000000000000000000000000000000000000000000000000000000000000000000000000000000
1000010000010011110010000001000000000000000000000000000000000000000000000000000000000000000000000000000000000000000000000000000000000000000000000000000000000000000000000000000000000000000000000000000000000000000000000000000000000000000000000000000000000000
1000010000010100010010000001000000000000000000000000000000000000000000000000000000000000000000000000000000000000000000000000000000000000000000000000000000000000000000000000000000000000000000000000000000000000000000000000000000000000000000000000000000000000
1000010000010100010010000001000000000000000000000000000000000000000000000000000000000000000000000000000000000000000000000000000000000000000000000000000000000000000000000000000000000000000000000000000000000000000000000000000000000000000000000000000000000000
1000010000010011110001100001000000000000000000000000000000000000000000000000000000000000000000000000000000000000000000000000000000000000000000000000000000000000000000000000000000000000000000000000000000000000000000000000000000000000000000000000000000000000
1000000000000000000000000001000111110100000000000000000000000000000000000000000000000010000000000000000000000001000010000000000000000000000000000000100000000000000000000000000000000000000000000000000000000000000000000000000000000000000000000000000000000000
1000000000000000000000000001000001000100000100000000000001000000000000000100000000000010000000000000000000000011000110000000000000000000000000000000100000000000000000000000000000000000000000000000000000000000000000000000000000000000000000000000000000000000
1000000000000000000000000001000001000100000000000000000001000000000000000000000000000010000000000000000000000001000010000000000000000000000000000000100000000000000000000000000000000000000000000000000000000000000000000000000000000000000000000000000000000000
1000000000000000000000000001000001000101100100111000000011110101100011100101011000000010110001110001110000000001000010000000011110011100011100011110101100011100011100000000000000000000000000000000000000000000000000000000000000000000000000000000000000000000
1000000000000000000000000001000001000110010101000000000001000110010000010101100100000011001000001010000000000001000010000000100000100010000010100000110010100010100000000000000000000000000000000000000000000000000000000000000000000000000000000000000000000000
1000000000000000000000000001000001000100010100111000000001000100000011110101000100000010001001111001110000000001000010000000100000100010011110100000100010111110011100000000000000000000000000000000000000000000000000000000000000000000000000000000000000000000
1000000011000011111100000001000001000100010100000100000001000100000100010101000100000010001010001000001000000001000010000000100000100010100010100000100010100000000010000000000000000000000000000000000000000000000000000000000000000000000000000000000000000000
1000000011000110000110000001000001000100010101000100000001000100000100010101000100000010001010001010001000000001000010000000100000100010100010100000100010100010100010000000000000000000000000000000000000000000000000000000000000000000000000000000000000000000
1000001111000000000011000001000001000100010100111000000000110100000011110101000100000010001001111001110000000011100111000000011110011100011110011110100010011100011100000000000000000000000000000000000000000000000000000000000000000000000000000000000000000000
1000000011000000000011000001000000000000000000000000000000000000000000000000000000000000000000000000000000000000000000000000000000000000000000000000000000000000000000000000000000000000000000000000000000000000000000000000000000000000000000000000000000000000
1000000011000000000011000001000000000000000000000000000000000000000000000000000000000000000000000000000000000000000000000000000000000000000000000000000000000000000000000000000000000000000000000000000000000000000000000000000000000000000000000000000000000000
1000000011000000000110000001000000000000000000000000000000000000000000000000000000000000000000000000000000000000000000000000000000000000000000000000000000000000000000000000000000000000000000000000000000000000000000000000000000000000000000000000000000000000
1000000011000000001100000001000000000000000000000000000000000000000000000000000000000000000000000000000000000000000000000000000000000000000000000000000000000000000000000000000000000000000000000000000000000000000000000000000000000000000000000000000000000000
1000000011000000011000000001000000000000000000000000000000000000000000000000000000000000000000000000000000000000000000000000000000000000000000000000000000000000000000000000000000000000000000000000000000000000000000000000000000000000000000000000000000000000
1000000011000000110000000001000000000000000000000000000000000000000000000000000000000000000000000000000000000000000000000000000000000000000000000000000000000000000000000000000000000000000000000000000000000000000000000000000000000000000000000000000000000000
1000000011000001100000000001000000000000000000000000000000000000000000000000000000000000000000000000000000000000000000000000000000000000000000000000000000000000000000000000000000000000000000000000000000000000000000000000000000000000000000000000000000000000
1000000011000011000000000001000000111111111111111111111111111111111111111111111111111111111111111111111111111111111111111111111111111111111111111111111111111111111111111111111111111111111111111111111000000000000000000000000000000000000000000000000000000000
1000000011000110000000000001000000100000000000000100000000000000100000000000000100000000000000100000000000000100000000000000100000000000000100000000000000100000000000000100000000000000100000000000000100000000000000000000000000000000000000000000000000000000
1000001111110111111111000001000001100000000000000100000000000000100000000000000100000000000000100000000000000100000000000000100000000000000100000000000000100000000000000100000000000000100000000000000100000000000000000000000000000000000000000000000000000000
1000000000000000000000000001000001100000000000000100000000000000100000000000000100000000000000100000000000000100000000000000100000000000000100000000000000100000000000000100000000000000100000000000000100000000000000000000000000000000000000000000000000000000
1000000000000000000000000001000011100000000000000100000000000000100000000000000100000000000000100000000000000100000000000000100000000000000100000000000000100000000000000100000000000000100000000000000100000001000100001001000000000000000000000000000000000000
1000000000000000000000000001000011100000000000000100000000000000100000000000000100000000000000100000000000000100000000000000100000000000000100000000000000100000000000000100000000000000100000000000000100000010001100011000100000000000000000000000000000000000
1000000000000000000000000001000111100000000000000100000000000000100000000000000100000000000000100000000000000100000000000000100000000000000100000000000000100000000000000100000000000000100000000000000100000100000100001000010000000000000000000000000000000000
1000000000000000000000000001000111100000000000000100000000000000100000000000000100000000000000100000000000000100000000000000100000000000000100000000000000100000000000000100000000000000100000000000000100000100000100001000010000000000000000000000000000000000
1000000000000000000000000001001111100000000000000100000000000000100000000000000100000000000000100000000000000100000000000000100000000000000100000000000000100000000000000100000000000000100000000000000100000100000100001000010000000000000000000000000000000000
1000000000000000000000000001001111100000000000000100000000000000100000000000000100000000000000100000000000000100000000000000100000000000000100000000000000100000000000000100000000000000100000000000000100000010000100001000100000000000000000000000000000000000
1000000000000000000000000001000111111111111111111111111111111111111111111111111111111111111111111111111111111111111111111111111111111111111111111111111111111111111111111111111111111111111111111111111000000001001110011101000000000000000000000000000000000000
1000000000000000000000000001000000000000000000000000000000000000000000000000000000000000000000000000000000000000000000000000000000000000000000000000000000000000000000000000000000000000000000000000000000000000000000000000000000000000000000000000000000000000
1000000000000000000000000001000000000000000000000000000000000000000000000000000000000000000000000000000000000000000000000000000000000000000000000000000000000000000000000000000000000000000000000000000000000000000000000000000000000000000000000000000000000000
1000000000000000000000000001000000000000000000000000000000000000000000000000000000000000000000000000000000000000000000000000000000000000000000000000000000000000000000000000000000000000000000000000000000000000000000000000000000000000000000000000000000000000
1000000000000000000000000001000000000000000000000000000000000000000000000000000000000000000000000000000000000000000000000000000000000000000000000000000000000000000000000000000000000000000000000000000000000000000000000000000000000000000000000000000000000000
1111111111111111111111111111000000000000000000000000000000000000000000000000000000000000000000000000000000000000000000000000000000000000000000000000000000000000000000000000000000000000000000000000000000000000000000000000000000000000000000000000000000000000
0000000000000000000000000000000000000000000000000000000000000000000000000000000000000000000000000000000000000000000000000000000000000000000000000000000000000000000000000000000000000000000000000000000000000000000000000000000000000000000000000000000000000000
0000000000000000000000000000000000000000000000000000000000000000000000000000000000000000000000000000000000000000000000000000000000000000000000000000000000000000000000000000000000000000000000000000000000000000110000011111000000001111000001111100000000000000
0000000000000000000000000000000000000000000000000000000000000000000000000000000000000000000000000000000000000000000000000000000000000000000000000000000000000000000000000000000000000000000000000000000000000000110000110001100000011001100011000110000000000000
0000000000000000000000000000000011001110000001110000000101100001100000000000100000010000010000000000000000000000000000000000000000000000000000000000000000000000000000000000000000000000000000000000000000000011110000000000110000110000110110000000000000000000
0000000000000000000000000000000100101001000001001000000000100010000000000000000000010000010000000000000000000000000000000000000000000000000000000000000000000000000000000000000000000000000000000000000000000000110000000000110110110000110110000000000000000000
0000000000000000000000000000000100001001000001001001100100100010001011001100100111011100111000000000000000000000000000000000000000000000000000000000000000000000000000000000000000000000000000000000000000000000110000000001100110110000110110111000001000011100
0000000000000000000000000000000101101110000001110000010100100111001100010010101001010010010000000000000000000000000000000000000000000000000000000000000000000000000000000000000000000000000000000000000000000000110000001111000000110000110111001100011000100010
0000000000000000000000000000000100101001000001001001110100100010001000011110101001010010010000000000000000000000000000000000000000000000000000000000000000000000000000000000000000000000000000000000000000000000110000000001100000110000110110000110001000000010
0000000000000000000000000000000100101001000001001010010100100010001000010000101001010010010000000000000000000000000000000000000000000000000000000000000000000000000000000000000000000000000000000000000000000000110000000000110110110000110110000110001000001100
0000000000000000000000000000000011001110000001001001110101110010001000001110100111010010001100000000000000000000000000000000000000000000000000000000000000000000000000000000000000000000000000000000000000000000110000000000110110110000110110000110001000000010
0000000000000000000000000000000000000000000000000000000000000000000000000000000001000000000000000000000000000000000000000000000000000000000000000000000000000000000000000000000000000000000000000000000000000000110000110001100000011001100011001100001000100010
0000000000000000000000000000000000000000000000000000000000000000000000000000001110000000000000000000000000000000000000000000000000000000000000000000000000000000000000000000000000000000000000000000000000000000110000011111000000001111000001111000011100011100
