1111111111111111111111111111000001000011100000001000011100000000111100000000000000001000000000000000000000000000000000000000000000000000000000000000000000000000000000000000000000000000000000000000000100001110000000000000000000000000000000100000000000000000
1000000000000000000000000001000011000100010000011000100010000000100010000000100000001000000100000000000000000000000000000000000000000000000000000000000000000000000000000000000000000000000000000000001100010001000000000000000000000000000000100000000000000000
1000000000000000000000000001000001000000010000001000100000000000100010000000000000001000000100000000000000000000000000000000000000000000000000000000000000000000000000000000000000000000000000000000000100000001000000000000000000000000000000100000000000000000
1000000000000000000000000001000001000000010010001000100000000000100010101100100110101011001111001110010110000000000000000000000000000000000000000000000000000000000000000000000000000000000000000000000100000001000000011110011100011100011110101100011100011100
1000000000000000000000000001000001000000100000001000111100000000111100110010101001101100100100010001011001000000000000000000000000000000000000000000000000000000000000000000000000000000000000000000000100000010000000100000100010000010100000110010100010100000
1000000000000000000000000001000001000001000000001000100010000000100010100000101000101000100100010001010001000000000000000000000000000000000000000000000000000000000000000000000000000000000000000000000100000100000000100000100010011110100000100010111110011100
1000000000000000000000000001000001000010000000001000100010000000100010100000101000101000100100010001010001000000000000000000000000000000000000000000000000000000000000000000000000000000000000000000000100001000000000100000100010100010100000100010100000000010
1000011110010000000000000001000001000100000010001000100010000000100010100000101001101000100100010001010001000000000000000000000000000000000000000000000000000000000000000000000000000000000000000000000100010000000000100000100010100010100000100010100010100010
1000010001010000000010000001000011100111110000011100011100000000111100100000100110101000100011001110010001000000000000000000000000000000000000000000000000000000000000000000000000000000000000000000001110011111000000011110011100011110011110100010011100011100
1000010001010000000010000001000000000000000000000000000000000000000000000000000000100000000000000000000000000000000000000000000000000000000000000000000000000000000000000000000000000000000000000000000000000000000000000000000000000000000000000000000000000000
1000010001010011100111100001000000000000000000000000000000000000000000000000001000100000000000000000000000000000000000000000000000000000000000000000000000000000000000000000000000000000000000000000000000000000000000000000000000000000000000000000000000000000
1000011110010000010010000001000000000000000000000000000000000000000000000000000111000000000000000000000000000000000000000000000000000000000000000000000000000000000000000000000000000000000000000000000000000000000000000000000000000000000000000000000000000000
1000010000010011110010000001000000000000000000000000000000000000000000000000000000000000000000000000000000000000000000000000000000000000000000000000000000000000000000000000000000000000000000000000000000000000000000000000000000000000000000000000000000000000
1000010000010100010010000001000000000000000000000000000000000000000000000000000000000000000000000000000000000000000000000000000000000000000000000000000000000000000000000000000000000000000000000000000000000000000000000000000000000000000000000000000000000000
1000010000010100010010000001000000000000000000000000000000000000000000000000000000000000000000000000000000000000000000000000000000000000000000000000000000000000000000000000000000000000000000000000000000000000000000000000000000000000000000000000000000000000
1000010000010011110001100001000000000000000000000000000000000000000000000000000000000000000000000000000000000000000000000000000000000000000000000000000000000000000000000000000000000000000000000000000000000000000000000000000000000000000000000000000000000000
1000000000000000000000000001000000000000000000000000000000000000000000000000000000000000000000000011000000000001100000000000000000000000000000000000000000000111111110000000000000000000001100000000000000000000000001100000111110000000000011001110000000000000
1000000000000000000000000001000000000000000011000000000000000000000000000000000000000000000000110011000000000001100000000000110000000000000000000000000000000110000111101100000000110000001100000000000000000000000001100000110011000000000011011000000000000000
1000000000000000000000000001000000000000000000000000000000000000000000000000000000000000000000110011000000000001100000000000110000000000000000000000000000000110000110001100000000000000001100000000000000000000000001100000110011000000000011011000000000000000
1000000000000000000000000001000110111100000011011110000000111111100111111101111100111101111101111111110011000001111100111101111111111101111001111011111000000110000111111111111111110111111101100000001111011111001111100000110011011110011111111110111101111100
1000000000000000000000000001000001100110000011110000000001100001100111110111110111100111110110110011110011000001110111100110110011111111001111001111101100000111110111101100111111111100001111000000000001111101111011100000111110110011110111011001100111110111
1000000000000000000000000001000001111110000011011110000001100001100111100001100001111111100110110011110011000001100111111110110011111111111111111111001100000110000111101100111111111100001110000000001111111001111001100000110011111111110011011001100111100001
1000000000000110000000000001000001100000000011000011000001100001100111100001100001100001100110110011110011000001100111100000110011111111000011000011001100000110000111101100111111111100001111000000011001111001111001100000110011110000110011011001100111100001
1000000000000110000000000001000001100110000011110011000001100001101111100001100001100111100110110011110111000001110111100110110011111111001111001111001100000110000111101100111111111100001101100000011001111001111011100000110011110011110111011001100111100001
1000000000011110000000000001000100111000000010011100000000111100110101000001000000111001000100011010011010000001011000111000011001010001110001110010001000000100000101000110010100100111101000100000001111010001001101000000111100011100011111011000111101100000
1000000000000110000000000001000000000000000000000000000000000000000000000000000000000000000000000000000010000000000000000000000000000000000000000000000000000000000000000000000000000000000000000000000000000000000000000000000000000000000000000000000000000000
1000000000000110000000000001000000000000000000000000000000000000000000000000000000000000000000000000100010000000000000000000000000000000000000000000000000000000000000000000000000000000000000000000000000000000000000000000000000000000000000000000000000000000
1000000000000110000000000001000000000000000000000000000000000000000000000000000000000000000000000000011100000000000000000000000000000000000000000000000000000000000000000000000000000000000000000000000000000000000000000000000000000000000000000000000000000000
1000000000000110000000000001000000000000000000000000000000000000000000000000000000000000000000000000000000000000000000000000000000000000000000000000000000000000000000000000000000000000000000000000000000000000000000000000000000000000000000000000000000000000
1000000000000110000000000001000000000000000000000000000000000000000000000000000000000000000000000000000000000000000000000000000000000000000000000000000000000000000000000000000000000000000000000000000000000000000000000000000000000000000000000000000000000000
1000000000000110000000000001000000000000000000000000000000000000000000000000000000000000000000000000000000000000000000000000000000000000000000000000000000000000000000000000000000000000000000000000000000000000000000000000000000000000000000000000000000000000
1000000000000110000000000001000000000000000000000000000000000000000000000000000000000000000000000000000000000000000000000000000000000000000000000000000000000000000000000000000000000000000000000000000000000000000000000000000000000000000000000000000000000000
1000000000000110000000000001000000111111111111111111111111111111111111111111111111111111111111111111111111111111111111111111111111111111111111111111111111111111111111111111111111111111111111111111111111111111111111000000000000000000000000000000000000000000
1000000000000110000000000001000000100000000000000100000000000000100000000000000100000000000000100000000000000100000000000000100000000000000100000000000000100000000000000100000000000000100000000000000100000000000000100000000000000000000000000000000000000000
1000000000011111100000000001000001100000000000000100000000000000100000000000000100000000000000100000000000000100000000000000100000000000000100000000000000100000000000000100000000000000100000000000000100000000000000100000000000000000000000000000000000000000
1000000000000000000000000001000001100000000000000100000000000000100000000000000100000000000000100000000000000100000000000000100000000000000100000000000000100000000000000100000000000000100000000000000100000000000000100000000000000000000000000000000000000000
1000000000000000000000000001000011100000000000000100000000000000100000000000000100000000000000100000000000000100000000000000100000000000000100000000000000100000000000000100000000000000100000000000000100000000000000100000000000000000000000000000000000000000
1000000000000000000000000001000011100000000000000100000000000000100000000000000100000000000000100000000000000100000000000000100000000000000100000000000000100000000000000100000000000000100000000000000100000000000000100000000000000000000000000000000000000000
1000000000000000000000000001000111100000000000000100000000000000100000000000000100000000000000100000000000000100000000000000100000000000000100000000000000100000000000000100000000000000100000000000000100000000000000100000000000000000000000000000000000000000
1000000000000000000000000001000111100000000000000100000000000000100000000000000100000000000000100000000000000100000000000000100000000000000100000000000000100000000000000100000000000000100000000000000100000000000000100000000000000000000000000000000000000000
1000000000000000000000000001001111100000000000000100000000000000100000000000000100000000000000100000000000000100000000000000100000000000000100000000000000100000000000000100000000000000100000000000000100000000000000100000000000000000000000000000000000000000
1000000000000000000000000001001111100000000000000100000000000000100000000000000100000000000000100000000000000100000000000000100000000000000100000000000000100000000000000100000000000000100000000000000100000000000000100000000000000000000000000000000000000000
1000000000000000000000000001000111111111111111111111111111111111111111111111111111111111111111111111111111111111111111111111111111111111111111111111111111111111111111111111111111111111111111111111111111111111111111000000000000000000000000000000000000000000
1000000000000000000000000001000000000000000000000000000000000000000000000000000000000000000000000000000000000000000000000000000000000000000000000000000000000000000000000000000000000000000000000000000000000000000000000000000000000000000000000000000000000000
1000000000000000000000000001000000000000000000000000000000000000000000000000000000000000000000000000000000000000000000000000000000000000000000000000000000000000000000000000000000000000000000000000000000000000000000000000000000000000000000000000000000000000
1000000000000000000000000001000000000000000000000000000000000000000000000000000000000000000000000000000000000000000000000000000000000000000000000000000000000000000000000000000000000000000000000000000000000000000000000000000000000000000000000000000000000000
1000000000000000000000000001000000000000000000000000000000000000000000000000000000000000000000000000000000000000000000000000000000000000000000000000000000000000000000000000000000000000000000000000000000000000000000000000000000000000000000000000000000000000
1111111111111111111111111111001111111111111111111111111111111111111111111111111111111111111111111111111111111111111111111111111111111111111111111111111111111111111111111111111111111111111111111111111111111111111111111111111111111111111111111111111111111111
0000000000000000000000000000000000000000000000000000000000000000000000000000000000000000000000000000000000000000000000000000000000000000000000000000000000000000000000000000000000000000000000000000000000000000000000000000000000000000000000000000000000000000
0000000000000000000000000000000000000000000000000000000000000000000000000000000000000000000000000000000000000000000000000000000000000000000000000000000000000000000000000000000000000000000000000000000000000000110000000110000000111111110001111000000000000000
0000000000000000000000000000000000000000000000000000000000000000000000000000000000000000000000000000000000000000000000000000000000000000000000000000000000000000000000000000000000000000000000000000000000000000110000000110000000110000000011001100000000000000
0000000011000000000010000000000001000110000111101111000000110001000000000111000000000000000000000000000000000000111000000010001100000000000000000000000000000001100000000000000000000000000100000000000000000011110000011110000000110000000110000110000000000000
0000000100100000000010000000000011001001000100000001000001001001000000000100100000000000000000000000000000000000010000000010000100000000000000000000000000000010010000000000000000000000000100000000000000000000110000000110000110110111000110000110000000000000
0000000000101011001110000000000001000001010111000010000001000011100000000100100110011100011101011001100011100000010011100111000100000000000000000000000000000010010000001110011000110001110111000110001110000000110000000110000110111001100110000110111110111110
0000000011001100010010000000000001000010000000100100000000110001000000000111000001010010100001100000010100000000010010010010000100000000000000000000000000000001100000010000100100001010000100101001010000000000110000000110000000000000110110000110100000100000
0000000000101000010010000000000001000100000000100100000000001001000000000100000111010010100001000001110011000000010010010010000100000000000000000000000000000010010000010000100100111010000100101111001100000000110000000110000000000000110110000110111100111100
0000000100101000010010000000000001001000010100100100000001001001000000000100001001010010100001000010010000100000010010010010000100000000000000000000000000000010010000010000100101001010000100101000000010000000110000000110000110000000110110000110000010000010
0000000011001000001110000000000011101111000011000100000000110000110100000100000111010010011101000001110111000000111010010001101110000000000000000000000000000001100000001110011000111001110100100111011100000000110000000110000110000000110110000110000010000010
0000000000000000000000000000000000000000000000000000000000000000000000000000000000000000000000000000000000000000000000000000000000000000000000000000000000000000000000000000000000000000000000000000000000000000110000000110000000110001100011001100100010100010
0000000000000000000000000000000000000000000000000000000000000000000000000000000000000000000000000000000000000000000000000000000000000000000000000000000000000000000000000000000000000000000000000000000000000000110000000110000000011111000001111000011100011100
