1111111111111111111111111111000000100001110000000010001110000000011110010000000000000000000000000000001000000000000000000000000000000000000000000000000000000000000000000000000000000000000000000000000000000000000000000000011100000000000000000000000000000000
1000000000000000000000000001000001100010001000000110010001000000010001010000000000000000000000000010001000000000000000000000000000000000000000000000000000000000000000000000000000000000000000000000000000000000000000000000100010000000000000100010000000000000
1000000000000000000000000001000000100010000000001010010001000000010001010000000000000000000000000010001000000000000000000000000000000000000000000000000000000000000000000000000000000000000000000000000000000000000000000000100010000000000000100000000000000000
1000000000000000000000000001000000100010000001010010010001000000010001010100010110100011100100010111101011000000000000000000000000000000000000000000000000000000000000000000000000000000000000000000000000000000000000000000100010101100000001111010110100011100
1000000000000000000000000001000000100011110000010010001111000000011110010100010101010100010100010010001100100000000000000000000000000000000000000000000000000000000000000000000000000000000000000000000000000000000000000000100010110010000000100010101010100010
1000000000000000000000000001000000100010001000011111000001000000010000010100010101010100010100010010001000100000000000000000000000000000000000000000000000000000000000000000000000000000000000000000000000000000000000000000100010100010000000100010101010111110
1000000000000000000000000001000000100010001000000010000001000000010000010100010101010100010100010010001000100000000000000000000000000000000000000000000000000000000000000000000000000000000000000000000000000000000000000000100010100010000000100010101010100000
1000011110010000000000000001000000100010001001000010010001000000010000010100110101010100010100110010001000100000000000000000000000000000000000000000000000000000000000000000000000000000000000000000000000000000000000000000100010100010000000100010101010100010
1000010001010000000010000001000001110001110000000010001110000000010000010011010101010011100011010001101000100000000000000000000000000000000000000000000000000000000000000000000000000000000000000000000000000000000000000000011100100010000000011010101010011100
1000010001010000000010000001000000000000000000000000000000000000000000000000010000000000000000000000000000000000000000000000000000000000000000000000000000000000000000000000000000000000000000000000000000000000000000000000000000000000000000000000000000000000
1000010001010011100111100001000000000000000000000000000000000000000000000100010000000000000000000000000000000000000000000000000000000000000000000000000000000000000000000000000000000000000000000000000000000000000000000000000000000000000000000000000000000000
1000011110010000010010000001000000000000000000000000000000000000000000000011100000000000000000000000000000000000000000000000000000000000000000000000000000000000000000000000000000000000000000000000000000000000000000000000000000000000000000000000000000000000
1000010000010011110010000001000000000000000000000000000000000000000000000000000000000000000000000000000000000000000000000000000000000000000000000000000000000000000000000000000000000000000000000000000000000000000000000000000000000000000000000000000000000000
1000010000010100010010000001000000000000000000000000000000000000000000000000000000000000000000000000000000000000000000000000000000000000000000000000000000000000000000000000000000000000000000000000000000000000000000000000000000000000010000000001000000000000
1000010000010100010010000001000000000000000000000000000000000000000000000000000000000000000000000000000000000000000000000000000000000000000000000000000000000000000000000000000000000000000000000000000000000000000000000000000000000000110000000001000000000000
1000010000010011110001100001000000000000000000000000000000000000000000000000000000000000000000000000000000000000000000000000000000000000000000000000000000000000000000000000000000000000000000000000000000000000000000000000000000000000010001111011110000000111
1000000000000000000000000001000000000000000000000000000000000000000000000000000000000000000000000000000000000000000000000000000000000000000000000000000000000000000000000000000000000000000000000000000000000000000000000000000000000000010010000001000000001000
1000000000000000000000000001000000000000000000000000000000000000000000000000000000000000000000000000000000000000000000000000000000000000000000000000000000000000000000000000000000000000000000000000000000000000000000000000000000000000010001110001000000001000
1000000000000000000000000001000000000000000000000000000000000000000000000000000000000000000000000000000000000000000000000000000000000000000000000000000000000000000000000000000000000000000000000000000000000000000000000000000000000000010000001001000000001000
1000000000000000000000000001000000000000000000000000000000000000000000000000000000000000000000000000000000000000000000000000000000000000000000000000000000000000000000000000000000000000000000000000000000000000000000000000000000000000111011110000110000000111
1000000000000000000000000001000000000000000000000000000000000000000000000000000000000000000000000000000000000000000000000000000000000000000000000000000000000000000000000000000000000000000000000000000000000000000000000000000000000000000000000000000000000000
1000000000000000000000000001000000000000000000000000000000000000000000000000000000000000000000000000000000000000000000000000000000000000000000000000000000000000000000000000000000000000000000000000000000000000000000000000000000000000000000000000000000000000
1000000000000000100000000001000000000000000000000000000000000000000000000000000000000000000000000000000000000000000000000000000000000000000000000000000000000000000000000000000000000000000000000000000000000000000000000000000000000000000000000000000000000000
1000000000000001100000000001000000000000000000000000000000000000000000000000000000000000000000000000000000000000000000000000000000000000000000000000000000000000000000000000000000000000000000000000000000000000000000000000000000000000000000000000000000000000
1000000000000011100000000001000000000000000000000000000000000000000000000000000000000000000000000000000000001111111111111111111111111111111111111111111111111111111111110000000000000000000000000000000000000000000000000000000000000000000000000000000000000000
1000000000000111100000000001000000000000000000000000000000000000000000000000000000000000000000000000000000010000000000000010000000000000010000000000000010000000000000010000000000000000000000000000000000000000000000000000000000000000000000000000000000000000
1000000000001101100000000001000000000000000000000000000000000000000000000000000000000000000000000000000000010000011100000010000011100000010000111100000010000111110000011000000000000000000000000000000000000000000000000000000000000000000000000000000000000000
1000000000011001100000000001000000000000000000000000000000000000000000000000000000000000000000000000000000010000100010000010000100010000010000100010000010000100000000011000000000000000000000000000000000000000000000000000000000000000000000000000000000000000
1000000000110001100000000001000000000000000000000000000000000000000000000000000000000000000000000000000000010000100010000010000100000000010000100010000010000100000000011100000000000000000000000000000000000000000000000000000000000000000000000000000000000000
1000000001100001100000000001000000000000000000000000000000000000000000000000000000000000000000000000000000010000111110000010000100000000010000100010000010000111100000011100000000000000000000000000000000000000000000000000000000000000000000000000000000000000
1000000001100001100000000001000000000000000000000000000000000000000000000000000000000000000000000000000000010000100010000010000100000000010000100010000010000100000000011110000000000000000000000000000000000000000000000000000000000000000000000000000000000000
1000000001111111110000000001000000000000000000000000000000000000000000000000000000000000000000000000000000010000100010000010000100010000010000100010000010000100000000011110000000000000000000000000000000000000000000000000000000000000000000000000000000000000
1000000000000001100000000001000000000000000000000000000000000000000000000000000000000000000000000000000000010000100010000010000011100000010000111100000010000100000000011111000000000000000000000000000000000000000000000000000000000000000000000000000000000000
1000000000000001100000000001000000000000000000000000000000000000000000000000000000000000000000000000000000010000000000000010000000000000010000000000000010000000000000011111000000000000000000000000000000000000000000000000000000000000000000000000000000000000
1000000000000001100000000001000000000000000000000000000000000000000000000000000000000000000000000000000000001111111111111111111111111111111111111111111111111111111111111110000000000000000000000000000000000000000000000000000000000000000000000000000000000000
1000000000000000000000000001000000000000000000000000000000000000000000000000000000000000000000000000000000000000000000000000000000000000000000000000000000000000000000000000000000000000000000000000000000000000000000000000000000000000000000000000000000000000
1000000000000000000000000001000000011111111111100011111111111100011111111111100011111111111100011111111111100011111111111100011111111111100011111111111100011111111111111110001111111111110000000000000000000000000000000000000000000000000000000000000000000000
1000000000000000000000000001000000000000000000000000000000000000000000000000000000000000000000000000000000000000000000000000000000000000000000000000000000000000000000000000000000000000000000000000000000000000000000000000000000000000000000000000000000000000
1000000000000000000000000001000000000000010000000000000110000000000000110000000000000001000000000001111000000000000110000000000001111000000000000110000000000000001100000000000001000110000000000000111100000000000000000000000000000000000000000000000000000000
1000000000000000000000000001000000000000110000000000001001000000000001001000000000000011000000000001000000000000001001000000000000001000000000001001000000000000010010000000000011001001000000000000000100000000000000000000000000000000000000000000000000000000
1000000000000000000000000001000000000000010000000000000001000000000000001000000000000101000000000001110000000000001000000000000000010000000000001001000000000000010010000000000001001001000000000000001000110011100011000000000000000000000000000000000000000000
1000000000000000000000000001000000000000010000000000000010000000000000110000000000001001000000000000001000000000001110000000000000100000000000000110000000000000001110000000000001001001000000000000010001001010010100100000000000000000000000000000000000000000
1000000000000000000000000001000000000000010000000000000100000000000000001000000000001111000000000000001000000000001001000000000000100000000000001001000000000000000010000000000001001001000000000000100001001010010111100000000000000000000000000000000000000000
1000000000000000000000000001000000000000010000000000001000000000000001001000000000000001000000000001001000000000001001000000000000100000000000001001000000000000010010000000000001001001000000000000100001001010010100000000000000000000000000000000000000000000
1000000000000000000000000001000000000000111000000000001111000000000000110000000000000001000000000000110000000000000110000000000000100000000000000110000000000000001100000000000011100110000000000000111100110010010011100000000000000000000000000000000000000000
1000000000000000000000000001000000000000000000000000000000000000000000000000000000000000000000000000000000000000000000000000000000000000000000000000000000000000000000000000000000000000000000000000000000000000000000000000000000000000000000000000000000000000
1000000000000000000000000001000000000000000000000000000000000000000000000000000000000000000000000000000000000000000000000000000000000000000000000000000000000000000000000000000000000000000000000000000000000000000000000000000000000000000000000000000000000000
1111111111111111111111111111001111111111111111111111111111111111111111111111111111111111111111111111111111111111111111111111111111111111111111111111111111111111111111111111111111111111111111111111111111111111111111111111111111111111111111111111111111111111
0000000000000000000000000000000000000000000000000000000000000000000000000000000000000000000000000000000000000000000000000000000000000000000000000000000000000000000000000000000000000000000000000000000000000000000000000000000000000000000000000000000000000000
0000000000000000000000000000000000000000000000000000000000000000000000000000000000000000000000000000000000000000000000000000000000000000000000000000000000000000000000000000000000000000000000000000000011000000111110000000000110001111100000001111100000111100
0000000000000000000000000000000000000000000000000000000000000000000000000000000000000000000000000000000000000000000000000000000000000000000000000000000000000000000000000000000000000000000000000000000011000001100011000000001110011000110000011000110001100110
0110000000000100000001001111000001001111000000011100000000000000000000000000000000000000000000000000000000000000000000000000000000000000000000000000000000000000001100000000000010001000000000000000001111000011000000000000011110000000011000000000011011000011
1001000000000100000011000001000011000001000000010010000000000000000000000000000000000000000000000000000000000000000000000000000000000000000000000000000000000000010010000000000010000000000000000000000011000011000000011000110110000000011011000000011011000011
0001010110011100000001000010010001000010000000010010011001110011110011001110001110111000000000000000000000000000000000000000000000000000000000000000000000000000010010111000000111001011010001100000000011000011011100011001100110000000110011000000110011000011
0110011000100100000001000100000001000100000000011100100101001000010000101001010000100100000000000000000000000000000000000000000000000000000000000000000000000000010010100100000010001010101010010000000011000011100110000011000110000111100000000111100001100111
0001010000100100000001000100000001000100000000010000111101001000100011101001010000111100000000000000000000000000000000000000000000000000000000000000000000000000010010100100000010001010101011110000000011000011000011000011000110000000110000000000110000111011
1001010000100100000001000100010001000100000000010000100001001001000101101001010000100000000000000000000000000000000000000000000000000000000000000000000000000000010010100100000010001010001010000000000011000011000011011011111111000000011011000000011000000011
0110010000011100000011100100000011100100000000010000011101001011110011101001001110011100000000000000000000000000000000000000000000000000000000000000000000000000001100100100000001101010001001110000000011000011000011011000000110000000011011000000011000000011
0000000000000000000000000000000000000000000000000000000000000000000000000000000000000000000000000000000000000000000000000000000000000000000000000000000000000000000000000000000000000000000000000000000011000001100110000000000110011000110000011000110011000110
0000000000000000000000000000000000000000000000000000000000000000000000000000000000000000000000000000000000000000000000000000000000000000000000000000000000000000000000000000000000000000000000000000000011000000111100000000000110001111100000001111100001111100
