1111111111111111111111111111000001110001100000111110011100000000111100100000000000000000000000000000010000000000000000000000000000000000000000000000000000000000000000000000000000000000000000000000000011111000000000000000000000000011100011100000000000100010
1000000000000000000000000001000010001010000000100000100010000000100010100000000000000000000000000100010000000000000000000000000000000000000000000000000000000000000000000000000000000000000000000000000010000000000000000000000000000100010100010000100000100000
1000000000000000000000000001000000001010000000100000100010000000100010100000000000000000000000000100010000000000000000000000000000000000000000000000000000000000000000000000000000000000000000000000000010000000000000000000000000000000010100010000100000100000
1000000000000000000000000001000000001010000010111100100010000000100010101000101101000111001000101111010110000000000000000000000000000000000000000000000000000000000000000000000000000000000000000000000010000010001010110001000000000000010100010010111000111100
1000000000000000000000000001000000010010000000000010100010000000111100101000101010101000101000100100011001000000000000000000000000000000000000000000000000000000000000000000000000000000000000000000000011110001010011001000000000000000100100010000000010100010
1000000000000000000000000001000000100010000000000010100010000000100000101000101010101000101000100100010001000000000000000000000000000000000000000000000000000000000000000000000000000000000000000000000010000000100010001000000000000001000100010000000010000000
1000000000000000000000000001000001000010000000000010100010000000100000101000101010101000101000100100010001000000000000000000000000000000000000000000000000000000000000000000000000000000000000000000000010000000100010001000000000000010000100010000000010100000
1000011110010000000000000001000010000010001000100010100010000000100000101001101010101000101001100100010001000000000000000000000000000000000000000000000000000000000000000000000000000000000000000000000010000001010011001001000000000100000100010010100010100000
1000010001010000000010000001000011111001110000011100011100000000100000100110101010100111000110100011010001000000000000000000000000000000000000000000000000000000000000000000000000000000000000000000000011111010001010110000110000000111110011100000011100011100
1000010001010000000010000001000000000000000000000000000000000000000000000000100000000000000000000000000000000000000000000000000000000000000000000000000000000000000000000000000000000000000000000000000000000000000010000000000000000000000000000000000000000000
1000010001010011100111100001000000000000000000000000000000000000000000001000100000000000000000000000000000000000000000000000000000000000000000000000000000000000000000000000000000000000000000000000000000000000000010000000000000000000000000000000000000000000
1000011110010000010010000001000000000000000000000000000000000000000000000111000000000000000000000000000000000000000000000000000000000000000000000000000000000000000000000000000000000000000000000000000000000000000010000000000000000000000000000000000000000000
1000010000010011110010000001000000000000000000000000000000000000000000000000000000000000000000000000000000000000000000000000000000000000000000000000000000000000000000000000000000000000000000000000000000000000000000000000000000000000000000000000000000000000
1000010000010100010010000001000000000000000000000000000000000000000000111000000001100110001000000000000000000000000001000000000010001000000000000001000000000000000000000111001000001000000000000100000000001001110000100000001000000010010000000000011111000000
1000010000010100010010000001000000000000000000000000000000000000000001000100000000100010000000000000000000000000000001000000000011001000000000000001000000000000000000001000101000001000000000000100000000010010001001100000011000000110001000000000000100000000
1000010000010011110001100001000000000000000000000000000000000000000001000000111000100010011001011000111100000001110011110100000010101001110010001011110011100101100000001000101011001011000111001111000000100000001000100010001000010000000100000000000100001110
1000000000000000000000000001000000000000000000000000000000000000000001000000000100100010001001100101000100000000001001000000000010011010001010101001000100010110010000001111101100101100101000100100000000100000010000100000001000100000000100000000000100010001
1000000000000000000000000001000000000000000000000000000000000000000001000000111100100010001001000101000100000001111001000000000010001011111010101001000100010100010000001000101000101000101000100100000000100000100000100000001000111111000100000000000100010001
1000000000000000000000000001000000000000000000000000000000000000000001000101000100100010001001000101000100000010001001000100000010001010000010101001000100010100010000001000101000101000101000100100000000010001000000100010001000000000001000100000000100010001
1000000000000000000000000001000000000000000000000000000000000000000000111000111101110111011101000100111100000001111000110000000010001001111001010000110011100100010000001000101111001111000111000011000000001011111001110000011100000100010000100000000100001110
1000000000000000000000000001000000000000000000000000000000000000000000000000000000000000000000000000000100000000000000000000000000000000000000000000000000000000000000000000000000000000000000000000000000000000000000000000000000000000000001000000000000000000
1000000000000000000000000001000000000000000000000000000000000000000000000000000000000000000000000001111000000000000000000000000000000000000000000000000000000000000000000000000000000000000000000000000000000000000000000000000000000000000000000000000000000000
1000000000000000100000000001000000000000000000000000000000000000000000000000000000000000000000000000000000000000000000000000000000000000000000000000000000000000000000000000000000000000000000000000000000000000000000000000000000000000000000000000000000000000
1000000000000001100000000001000000000000000000000000000000000000000000000000000000000000000000000000000000000000000000000000000000000000000000000000000000000000000000000000000000000000000000000000000000000000000000000000000000000000000000000000000000000000
1000000000000011100000000001000000000000000000000000000000000000000000000000000000000000000011111111111111111111111111111111111111111111111111111111111111111111111111100000000000000000000000000000000000000000000000000000000000000000000000000000000000000000
1000000000000111100000000001000000000000000000000000000000000000000000000000000000000000000100000000000000100000000000000100000000000000100000000000000100000000000000100000000000000000000000000000000000000000000000000000000000000000000000000000000000000000
1000000000001101100000000001000000000000000000000000000000000000000000000000000000000000000100001111100000100001111000000100000111000000100001111000000100000111000000110000000000000000000000000000000000000000000000000000000000000000000000000000000000000000
1000000000011001100000000001000000000000000000000000000000000000000000000000000000000000000100001000000000100001000100000100001000100000100001000100000100001000100000110000000000000000000000000000000000000000000000000000000000000000000000000000000000000000
1000000000110001100000000001000000000000000000000000000000000000000000000000000000000000000100001000000000100001000100000100001000000000100001000100000100001000100000111000000000000000000000000000000000000000000000000000000000000000000000000000000000000000
1000000001100001100000000001000000000000000000000000000000000000000000000000000000000000000100001111000000100001000100000100001000000000100001111000000100001111100000111000000000000000000000000000000000000000000000000000000000000000000000000000000000000000
0000000001100001100000000000000000000000000000000000000000000000000000000000000000000000000100001000000000100001000100000100001000000000100001000100000100001000100000111100000000000000000000000000000000000000000000000000000000000000000000000000000000000000
0000000001111111110000000000000000000000000000000000000000000000000000000000000000000000000100001000000000100001000100000100001000100000100001000100000100001000100000111100000000000000000000000000000000000000000000000000000000000000000000000000000000000000
0000000000000001100000000001000000000000000000000000000000000000000000000000000000000000000100001000000000100001111000000100000111000000100001111000000100001000100000111110000000000000000000000000000000000000000000000000000000000000000000000000000000000000
0000000000000001100000000001000000000000000000000000000000000000000000000000000000000000000100000000000000100000000000000100000000000000100000000000000100000000000000111110000000000000000000000000000000000000000000000000000000000000000000000000000000000000
1000000000000001100000000001000000000000000000000000000000000000000000000000000000000000000011111111111111111111111111111111111111111111111111111111111111111111111111111100000000000000000000000000000000000000000000000000000000000000000000000000000000000000
1000000000000000000000000001000000000000000000000000000000000000000000000000000000000000000000000000000000000000000000000000000000000000000000000000000000000000000000000000000000000000000000000000000000000000000000000000000000000000000000000000000000000000
0000000000000000000000000000000000011111111111100011111111111100011111111111100111111111111000111111111111000111111111111000111111111111000111111111111000111111111111111100011111111111100000000000000000000000000000000000000000000000000000000000000000000000
0000000000000000000000000000000000000000000000000000000000000000000000000000000000000000000000000000000000000000000000000000000000000000000000000000000000000000000000000000000000000000000000000000000000000000000000000000000000000000000000000000000000000000
0000000000000000000000000000000000000000010000000000000110000000000000110000000000000010000000000011110000000000001100000000000011110000000000001100000000000000011000000000000010001100000000000001111000000000000000000000000000000000000000000000000000000000
0000000000000000000000000000000000000000110000000000001001000000000001001000000000000110000000000010000000000000010010000000000000010000000000010010000000000000100100000000000110010010000000000000001000000000000000000000000000000000000000000000000000000000
0000000000000000000000000000000000000000010000000000000001000000000000001000000000001010000000000011100000000000010000000000000000100000000000010010000000000000100100000000000010010010000000000000010001100111000110000000000000000000000000000000000000000000
0000000000000000000000000000000000000000010000000000000010000000000000110000000000010010000000000000010000000000011100000000000001000000000000001100000000000000011100000000000010010010000000000000100010010100101001000000000000000000000000000000000000000000
0000000000000000000000000000000000000000010000000000000100000000000000001000000000011110000000000000010000000000010010000000000001000000000000010010000000000000000100000000000010010010000000000001000010010100101111000000000000000000000000000000000000000000
0000000000000000000000000000000000000000010000000000001000000000000001001000000000000010000000000010010000000000010010000000000001000000000000010010000000000000100100000000000010010010000000000001000010010100101000000000000000000000000000000000000000000000
0000000000000000000000000000000000000000111000000000001111000000000000110000000000000010000000000001100000000000001100000000000001000000000000001100000000000000011000000000000111001100000000000001111001100100100111000000000000000000000000000000000000000000
0000000000000000000000000000000000000000000000000000000000000000000000000000000000000000000000000000000000000000000000000000000000000000000000000000000000000000000000000000000000000000000000000000000000000000000000000000000000000000000000000000000000000000
0000000000000000000000000000000000000000000000000000000000000000000000000000000000000000000000000000000000000000000000000000000000000000000000000000000000000000000000000000000000000000000000000000000000000000000000000000000000000000000000000000000000000000
0000000000000000000000000000000000000000000000000000000000000000000000000000000000000000000000000000000000000000000000000000000000000000000000000000000000000000000000000000000000000000000000000000000000000000000000000000000000000000000000000000000000000000
0000000000000000000000000000000000000000000000000000000000000000000000000000000000000000000000000000000000000000000000000000000000000000000000000000000000000000000000000000000000000000000000000000000000000000000000000000000000000000000000000000000000000000
0000101110001110000000010001001000100000000000010010010010010110100011001001011100111000000000000000000000000000000000000000000000000000000000000000000000000000100101110000001110010110100011000000011111100001111000000111111110011111000000011111100111111110
0001001001010010000000100001000000100000000000011100010010010101010100101001001000100100000000000000000000000000000000000000000000000000000000000000000000000000100101001000000100010101010100100000110000110011001100000110000000110001100000110000110110000000
0010001001010010000001000001000000100001000000010000010010010101010100101001001000100100000000000000000000000000000000000000000000000000000000000000000000000000100101001000000100010101010111100000000000110110000110000110000000000000110000000000110110000000
0100001001010010000010000001001000100001000000010000010010010100010100101001001000100100000000000000000000000000000000000000000000000000000000000000000000000000100101001000000100010100010100000000000000110110000110110110111000000000110110000000110110111000
0111101001001110000011110011100001110011000000010000111001110100010011000110000110100100000000000000000000000000000000000000000000000000000000000000000000000000011001001000000011010100010011100000000001100110000110110111001100000001100110000001100111001100
0000000000000000000000000000000000000000000000000000000000010000000000000000000000000000000000000000000000000000000000000000000000000000000000000000000000000000000000000000000000000000000000000000000011000110000110000000000110001111000000000011000000000110
0000000000000000000000000000000000000000000000000000000011100000000000000000000000000000000000000000000000000000000000000000000000000000000000000000000000000000000000000000000000000000000000000000000110000110000110000000000110000001100000000110000000000110
0000000000000000000000000000000000000000000000000000000000000000000000000000000000000000000000000000000000000000000000000000000000000000000000000000000000000000000000000000000000000000000000000000001100000110000110110000000110000000110110001100000000000110
0000000000000000000000000000000000000000000000000000000000000000000000000000000000000000000000000000000000000000000000000000000000000000000000000000000000000000000000000000000000000000000000000000011000000110000110110000000110000000110110011000000000000110
0000000000000000000000000000000000000000000000000000000000000000000000000000000000000000000000000000000000000000000000000000000000000000000000000000000000000000000000000000000000000000000000000000110000000011001100000110001100110001100000110000000110001100
0011000000000010000001100001000000100011000000001100000000000000000000000000000000000000000000000000000000000000000000000000000000000000000000000000000000000000011000000000000100010000000000000000111111110001111000000011111000011111000000111111110011111000
