1111111111111111111111111111000001000011100000011100111110000000011100000000000000100000000010000000000000000000000000000000000000000000000000000000000000000000000000000000000000000000000000000000000000000000000000000000011100000000000000000000000000000000
1000000000000000000000000001000011000100010000100010000010000000100010000000000000101000000010000000000000000000000000000000000000000000000000000000000000000000000000000000000000000000000000000000000000000000000000000000100010000000000000100010000000000000
1000000000000000000000000001000001000000010000100010000010000000100000000000000000100000000010000000000000000000000000000000000000000000000000000000000000000000000000000000000000000000000000000000000000000000000000000000100010000000000000100000000000000000
1000000000000000000000000001000001000000010010100010000100000000100000011100101100101001110010011100000000000000000000000000000000000000000000000000000000000000000000000000000000000000000000000000000000000000000000000000100010101100000001111010110100011100
1000000000000000000000000001000001000000100000100010000100000000100000000010110010101010000010100010000000000000000000000000000000000000000000000000000000000000000000000000000000000000000000000000000000000000000000000000100010110010000000100010101010100010
1000000000000000000000000001000001000001000000100010001000000000100000011110100000101001110010111110000000000000000000000000000000000000000000000000000000000000000000000000000000000000000000000000000000000000000000000000100010100010000000100010101010111110
1000000000000000000000000001000001000010000000100010001000000000100000100010100000101000001010100000000000000000000000000000000000000000000000000000000000000000000000000000000000000000000000000000000000000000000000000000100010100010000000100010101010100000
1000011110010000000000000001000001000100000010100010010000000000100010100010100000101010001010100010000000000000000000000000000000000000000000000000000000000000000000000000000000000000000000000000000000000000000000000000100010100010000000100010101010100010
1000010001010000000010000001000011100111110000011100010000000000011100011110100000101001110010011100000000000000000000000000000000000000000000000000000000000000000000000000000000000000000000000000000000000000000000000000011100100010000000011010101010011100
1000010001010000000010000001000000000000000000000000000000000000000000000000000000000000000000000000000000000000000000000000000000000000000000000000000000000000000000000000000000000000000000000000000000000000000000000000000000000000000000000000000000000000
1000010001010011100111100001000000000000000000000000000000000000000000000000000000000000000000000000000000000000000000000000000000000000000000000000000000000000000000000000000000000000000000000000000000000000000000000000000000000000000000000000000000000000
1000011110010000010010000001000000000000000000000000000000000000000000000000000000000000000000000000000000000000000000000000000000000000000000000000000000000000000000000000000000000000000000000000000000000000000000000000000000000000000000000000000000000000
1000010000010011110010000001000000000000000000000000000000000000000000000000000000000000000000000000000000000000000000000000000000000000000000000000000000000000000000000000000000000000000000000000000000000000000000000000000000000000000000000000000000000000
1000010000010100010010000001000000000000000000000000000000000000000000000000000000000000000000000000000000000000000000000000000000000000000000000000000000000000000000000000000000000000000000000000000000000000000000000000000000000000000000000000000000000000
1000010000010100010010000001000000000000000000000000000000000000000000000000000000000000000000000000000000000000000000000000000000000000000000000000000000000000000000000000000000000000000000000000000000000000000000000000000000000000000000000000000000000000
1000010000010011110001100001000000000000000000000000000000000000000000000000000000000000000000000000000000000000000000000000000000000000000000000000000000000000000000000000000000000000000000000000000000000000000000000000000000000000000000000000000000000000
1000000000000000000000000001000111110100000000000000000000000000000000000000000000000010000000000000000000000001000111000000000000000000000000000000010000000000000000000000000000000000000000000000000000000000000000000000000000000000000000000000000000000000
1000000000000000000000000001000001000100000100000000000001000000000000000100000000000010000000000000000000000011001000100000000000000000000000000000010000000000000000000000000000000000000000000000000000000000000000000000000000000000000000000000000000000000
1000000000000000000000000001000001000100000000000000000001000000000000000000000000000010000000000000000000000001001000100000000000000000000000000000010000000000000000000000000000000000000000000000000000000000000000000000000000000000000000000000000000000000
1000000000000000000000000001000001000101100100111000000011110101100011100101011000000010110001110001110000000001001000100000001111001110001110001111010110001110001110000000000000000000000000000000000000000000000000000000000000000000000000000000000000000000
1000000000000000000000000001000001000110010101000000000001000110010000010101100100000011001000001010000000000001001000100000010000010001000001010000011001010001010000000000000000000000000000000000000000000000000000000000000000000000000000000000000000000000
1000000000000000000000000001000001000100010100111000000001000100000011110101000100000010001001111001110000000001001000100000010000010001001111010000010001011111001110000000000000000000000000000000000000000000000000000000000000000000000000000000000000000000
1000000000111111110000000001000001000100010100000100000001000100000100010101000100000010001010001000001000000001001000100000010000010001010001010000010001010000000001000000000000000000000000000000000000000000000000000000000000000000000000000000000000000000
1000000000110000000000000001000001000100010101000100000001000100000100010101000100000010001010001010001000000001001000100000010000010001010001010000010001010001010001000000000000000000000000000000000000000000000000000000000000000000000000000000000000000000
1000000000110000000000000001000001000100010100111000000000110100000011110101000100000010001001111001110000000011100111000000001111001110001111001111010001001110001110000000000000000000000000000000000000000000000000000000000000000000000000000000000000000000
1000000001100000000000000001000000000000000000000000000000000000000000000000000000000000000000000000000000000000000000000000000000000000000000000000000000000000000000000000000000000000000000000000000000000000000000000000000000000000000000000000000000000000
1000000001100000000000000001000000000000000000000000000000000000000000000000000000000000000000000000000000000000000000000000000000000000000000000000000000000000000000000000000000000000000000000000000000000000000000000000000000000000000000000000000000000000
1000000001101111000000000001000000000000000000000000000000000000000000000000000000000000000000000000000000000000000000000000000000000000000000000000000000000000000000000000000000000000000000000000000000000000000000000000000000000000000000000000000000000000
1000000001110001100000000001000000000000000000000000000000000000000000000000000000000000000000000000000000000000000000000000000000000000000000000000000000000000000000000000000000000000000000000000000000000000000000000000000000000000000000000000000000000000
1000000000000000110000000001000000000000000000000000000000000000000000000000000000000000000000000000000000000000000000000000000000000000000000000000000000000000000000000000000000000000000000000000000000000000000000000000000000000000000000000000000000000000
1000000000000000110000000001000000000000000000000000000000000000000000000000000000000000000000000000000000000000000000000000000000000000000000000000000000000000000000000000000000000000000000000000000000000000000000000000000000000000000000000000000000000000
1000000000000000110000000001000000000000000000000000000000000000000000000000000000000000000000000000000000000000000000000000000000000000000000000000000000000000000000000000000000000000000000000000000000000000000000000000000000000000000000000000000000000000
1000000000000000110000000001000000111111111111111111111111111111111111111111111111111111111111111111111111111000011111111111111111111111111111111111111111111111111111111111111111111111111100000000000000000000000000000000000000000000000000000000000000000000
1000000001100001100000000001000000100000000000000100000000000000100000000000000100000000000000100000000000000100010000000000000010000000000000010000000000000010000000000000010000000000000010000000000000000000000000000000000000000000000000000000000000000000
1000000000111111000000000001000001100000000000000100000000000000100000000000000100000000000000100010000010000100110001000001000010000000000000010000000000000010000000000000010000000000000010000000000000000000000000000000000000000000000000000000000000000000
1000000000000000000000000001000001100000000000000100000000000000100000000000000100000000000000100110000010000100110011000001000010000000000000010000000000000010000000000000010000000000000010000000000000000000000000000000000000000000000000000000000000000000
1000000000000000000000000001000011100000000000000100000000000000100000000000000100000000000000100010011011100101110001001101110010000000000000010000000000000010000000000000010000000000000010000000100010001100100000000000000000000000000000000000000000000000
1000000000000000000000000001000011100000000000000100000000000000100000000000000100000000000000100010100010000101110001010001000010000000000000010000000000000010000000000000010000000000000010000001000110010010010000000000000000000000000000000000000000000000
1000000000000000000000000001000111100000000000000100000000000000100000000000000100000000000000100010010010000111110001001001000010000000000000010000000000000010000000000000010000000000000010000010000010010010001000000000000000000000000000000000000000000000
1000000000000000000000000001000111100000000000000100000000000000100000000000000100000000000000100010001010000111110001000101000010000000000000010000000000000010000000000000010000000000000010000010000010010010001000000000000000000000000000000000000000000000
1000000000000000000000000001001111100000000000000100000000000000100000000000000100000000000000100010110001100111110001011000110010000000000000010000000000000010000000000000010000000000000010000010000010010010001000000000000000000000000000000000000000000000
1000000000000000000000000001001111100000000000000100000000000000100000000000000100000000000000100000000000000111110000000000000010000000000000010000000000000010000000000000010000000000000010000001000010010010010000000000000000000000000000000000000000000000
1000000000000000000000000001000111111111111111111111111111111111111111111111111111111111111111111111111111111011111111111111111111111111111111111111111111111111111111111111111111111111111100000000100111001100100000000000000000000000000000000000000000000000
1000000000000000000000000001000000000000000000000000000000000000000000000000000000000000000000000000000000000000000000000000000000000000000000000000000000000000000000000000000000000000000000000000000000000000000000000000000000000000000000000000000000000000
1000000000000000000000000001000000000000000000000000000000000000000000000000000000000000000000000000000000000000000000000000000000000000000000000000000000000000000000000000000000000000000000000000000000000000000000000000000000000000000000000000000000000000
1000000000000000000000000001000000000000000000000000000000000000000000000000000000000000000000000000000000000000000000000000000000000000000000000000000000000000000000000000000000000000000000000000000000000000000000000000000000000000000000000000000000000000
1000000000000000000000000001000000000000000000000000000000000000000000000000000000000000000000000000000000000000000000000000000000000000000000000000000000000000000000000000000000000000000000000000000000000000000000000000000000000000000000000000000000000000
1111111111111111111111111111001111111111111111111111111111111111111111111111111111111111111111111111111111111111111111111111111111111111111111111111111111111111111111111111111111111111111111111111111111111111111111111111111111111111111111111111111111111111
0000000000000000000000000000000000000000000000000000000000000000000000000000000000000000000000000000000000000000000000000000000000000000000000000000000000000000000000000000000000000000000000000000000000000000000000000000000000000000000000000000000000000000
0000000000000000000000000000000000000000000000000000000000000000000000000000000000000000000000000000000000000000000000000000000000000000000000000000000000000000000000000000000000000000000000000000000011000000011000000001111110000111100000001111100000111110
0000000000000000000000000000000000000000000000000000000000000000000000000000000000000000000000000000000000000000000000000000000000000000000000000000000000000000000000000000000000000000000000000000000011000000011000000011000011001100110000011000110001100011
0011000000000010000000001000110000000101111000000100010100000000010000000000000000000000000000000000000000000000000000000000000000000000000000000000000000000000000011000000000000100010000000000000001111000001111000000000000011011000011000000000011011000000
0100100000000010000000011001001000001101000000000100010000000000010000000000000000000000000000000000000000000000000000000000000000000000000000000000000000000000000100100000000000100000000000000000000011000000011000011000000011011000011011000000011011000000
0000101110001110000000001000001010010101110000000100010101110001110011001011011010001100101100110000000000000000000000000000000000000000000000000000000000000000000100101110000001110010110100011000000011000000011000011000000110011000011011000000110011011100
0001001001010010000000001000010000100100001000000101010101001010010100101100010101010010110001001000000000000000000000000000000000000000000000000000000000000000000100101001000000100010101010100100000011000000011000000000001100001100111000000111100011100110
0010001001010010000000001000100000111100001000000101010101001010010111101000010101011110100001111000000000000000000000000000000000000000000000000000000000000000000100101001000000100010101010111100000011000000011000000000011000000111011000000000110011000011
0100001001010010000000001001000010000101001000000110110101001010010100001000010001010000100001000000000000000000000000000000000000000000000000000000000000000000000100101001000000100010100010100000000011000000011000011000110000000000011011000000011011000011
0111101001001110000000011101111000000100110000000100010101001001110011101000010001001110100000111000000000000000000000000000000000000000000000000000000000000000000011001001000000011010100010011100000011000000011000011001100000000000011011000000011011000011
0000000000000000000000000000000000000000000000000000000000000000000000000000000000000000000000000000000000000000000000000000000000000000000000000000000000000000000000000000000000000000000000000000000011000000011000000011000000011000110000011000110001100110
0000000000000000000000000000000000000000000000000000000000000000000000000000000000000000000000000000000000000000000000000000000000000000000000000000000000000000000000000000000000000000000000000000000011000000011000000011111111001111100000001111100000111100
