1111111111111111111111111111000000100000010000011111001110000000010000000000000000000001000000000000000000111100000000000010000010000000000000000000000000000000000000000000000000000000000000000000000011111100000000000000000000000010001111100000111100001000
1000000000000000000000000001000001100000110000010000010001000000010000000000000000000001000000000000000000100010000000000010000010100000000000000100000000000000000000000000000000000000000000000000000011000000000000000001100000000110001000000001000110011000
1000000000000000000000000001000000100001010000010000010000000000010000000000000000000001000000000000000000100010000000000010000010000000000000000100000000000000000000000000000000000000000000000000000011000000000000000001100000000010001000000001000100101100
1000000000000000000000000001000000100010010001011110010000000000010000001110010110001101001110010110000000100010011100011010011010101011000110101111001110010110000000000000000000000000000000000000000011000011001111111011111000000010001111100101000101101000
1000000000000000000000000001000000100010010000000001011110000000010000010001011001010011010001011001000000111100000010100110100110101100101001100100010001011001000000000000000000000000000000000000000011111001111011101101100000000011000000110001000101001000
1000000000000000000000000001000000100011111000000001010001000000010000010001010001010001010001010001000000100000011110100010100010101000101000100100010001010001000000000000000000000000000000000000000011000000110011001101100000000011000000110001100101111110
1000000000000000000000000001000000100000010000000001111001000000010000010001010001010001010001010001000000100000100010100010100010101000101000100100010001010001000000000000000000000000000000000000000011000000010011001101100000000011000000100001000100001100
1000011110010000000000000001000000100000010001011001111001100000010000010001010001010011010001010001000000100000100010100110100110101000101001100100010001010001000000000000000000000000000000000000000011000001111011101101100000000011001100110111100110001100
1000010001010000000010000001000001110000010000001110001111000000011111001110010001001101001110010001000000100000011110011010011010101000100110100011001110010001000000000000000000000000000000000000000011111101001111111000111000000111100111100000111100001100
1000010001010000000010000001000000000000000000000000000000000000000000000000000000000000000000000000000000000000000000000000000000000000000000100000000000000000000000000000000000000000000000000000000000000000000011000000000000000000000000000000000000000000
1000010001010011100111100001000000000000000000000000000000000000000000000000000000000000000000000000000000000000000000000000000000000000001000100000000000000000000000000000000000000000000000000000000000000000000011000000000000000000000000000000000000000000
1000011110010000010010000001000000000000000000000000000000000000000000000000000000000000000000000000000000000000000000000000000000000000000111000000000000000000000000000000000000000000000000000000000000000000000011000000000000000000000000000000000000000000
1000010000010011110010000001000000000000000000000000000000000000000000000000000000000000000000000000000000000000000000000000000000000000000000000000000000000000000000000000000000000000000000000000000000000000000000000000000000000000000000000000000000000000
1000010000010100010010000001000000000010010011110000100011001000000000011100000000000000000010010011110000110011110100000000001110000000000100000001000000000011100000000000010000000000000000000000000010010011110000110000000000000000000000000000000000000000
1000010000010100010010000001000000000100110010000001100100100100000000010010000000000000000100110010000001001010000010000000001001000000000100000000000000000010010000000000010000000000000000000000000100110010000001001000000000000000000000000000000000000000
1000010000010011110001100001000000001000010011100100100100100010000000010010011001011000001000010011100100001011100001000000001001001100011101101001011100000010010011001011010010100010011001001000001000010011100100001000000000000000000000000000000000000000
1000000000000000000000000001000000001000010000010000100011100010000000011100000101100000001000010000010000010000010001000000001110010010100101010101010010000011100000101100010100101010000101001000001000010000010000110000000000000000000000000000000000000000
1000000000000000000000000001000000001000010000010000100000100010000000010000011101000000001000010000010000100000010001000000001001010010100101010101010010000010000011101000011000101010011101001000001000010000010000001000000000000000000000000000000000000000
1000000000000000000000000001000000000100010010010100100100100100010000010000100101000000000100010010010101000010010010001000001001010010100101000101010010000010000100101000010100101010100101001000000100010010010101001000000000000000000000000000000000000000
1000000000000000000000000001000000000010111001100001110011001000010000010000011101000000000010111001100001111001100100001000001110001100011101000101010010000010000011101000010010010100011100111000000010111001100000110000000000000000000000000000000000000000
1000000000000000000000000001000000000000000000000000000000000000100000000000000000000000000000000000000000000000000000010000000000000000000000000000000000000000000000000000000000000000000000001000000000000000000000000000000000000000000000000000000000000000
1000000000000000000000000001000000000000000000000000000000000000000000000000000000000000000000000000000000000000000000000000000000000000000000000000000000000000000000000000000000000000000001110000000000000000000000000000000000000000000000000000000000000000
1000000000111111000000000001000000000000000000000000000000000000000000000000000000000000000000000000000000000000000000000000000000000000000000000000000000000000000000000000000000000000000000000000000000000000000000000000000000000000000000000000000000000000
1000000001100001100000000001000000000000000000000000000000000000000000000000000000000000000000000000000000000000000000000000000000000000000000000000000000000000000000000000000000000000000000000000000000000000000000000000000000000000000000000000000000000000
1000000000000000110000000001000000001111111111111111111111111111111111111111111111111111111111111111111111111111000111111111111111111111111111111111111111111111111111111111111111111111111111000000000000000000000000000000000000000000000000000000000000000000
1000000000000000110000000001000000001000000000000001000000000000001000000000000001000000000000001000000000000001000100000000000000100000000000000100000000000000100000000000000100000000000000100000000000000000000000000000000000000000000000000000000000000000
1000000000000000110000000001000000011000100000100001000100000100001000000000000001001111001100001000000000000001001100010000010000100010000010000100000000000000100000000000000100000000000000100000000000000000000000000000000000000000000000000000000000000000
1000000000000001100000000001000000011001100000100001001100000100001000000000000001000011100010001000000000000001001100110000010000100110000010000100000000000000100000000000000100000000000000100000000000000000000000000000000000000000000000000000000000000000
1000000000001111000000000001000000111000100110111001000100110111001000000000000001001110011111001000000000000001011100010011011100100010011011100100000000000000100000000000000100000000000000100000000000000000000000000000000000000000000000000000000000000000
1000000000000001100000000001000000111000101000100001000101000100001000000000000001010101001010101000000000000001011100010100010000100010100010000100000000000000100000000000000100000000000000100000000000000000000000000000000000000000000000000000000000000000
1000000000000000110000000001000001111000100100100001000100100100001000000000000001010111111010101000000000000001111100010010010000100010010010000100000000000000100000000000000100000000000000100000000000000000000000000000000000000000000000000000000000000000
1000000000000000110000000001000001111000100010100001000100010100001000000000000001010001001000101000000000000001111100010001010000100010001010000100000000000000100000000000000100000000000000100000000000000000000000000000000000000000000000000000000000000000
1000000000000000110000000001000011111000101100011001000101100011001000000000000001001110000111001000000000000001111100010110001100100010110001100100000000000000100000000000000100000000000000100000000000000000000000000000000000000000000000000000000000000000
1000000001100001100000000001000011111000000000000001000000000000001000000000000001000000000000001000000000000001111100000000000000100000000000000100000000000000100000000000000100000000000000100000000000000000000000000000000000000000000000000000000000000000
1000000000111111000000000001000001111111111111111111111111111111111111111111111111111111111111111111111111111111111111111111111111111111111111111111111111111111111111111111111111111111111111000000000000000000000000000000000000000000000000000000000000000000
1000000000000000000000000001000000000000000000000000000000000000000000000000000000000000000000000000000000000000000000000000000000000000000000000000000000000000000000000000000000000000000000000000000000000000000000000000000000000000000000000000000000000000
1000000000000000000000000001000000011111111111111110001111111111110001111111111110001111111111110001111111111110001111111111111111000111111111111000111111111111000000000000000000000000000000000000000000000000000000000000000000000000000000000000000000000000
1000000000000000000000000001000000000000000000000000000000000000000000000000000000000000000000000000000000000000000000000000000000000000000000000000000000000000000000000000000000000000000000000000000000000000000000000000000000000000000000000000000000000000
1000000000000000000000000001000000000000000100000000000000011000000000000011000000000000000100000000000111100000000000000110000000000000011110000000000001100000000000000000000000000000000000000000000011110000000000000000000000000000000000000000000000000000
1000000000000000000000000001000000000000001100000000000000100100000000000100100000000000001100000000000100000000000000001001000000000000000010000000000010010000000000000000000000000000000000000000000000010000000000000000000000000000000000000000000000000000
1000000000000000000000000000000000000000000100000000000000000100000000000000100000000000010100000000000111000000000000001000000000000000000100000000000010010000000000000000000000000000000000000000000000100011001110001100000000000000000000000000000000000000
1000000000000000000000000001000000000000000100000000000000001000000000000011000000000000100100000000000000100000000000001110000000000000001000000000000001100000000000000000000000000000000000000000000001000100101001010010000000000000000000000000000000000000
1000000000000000000000000001000000000000000100000000000000010000000000000000100000000000111100000000000000100000000000001001000000000000001000000000000010010000000000000000000000000000000000000000000010000100101001011110000000000000000000000000000000000000
1000000000000000000000000001000000000000000100000000000000100000000000000100100000000000000100000000000100100000000000001001000000000000001000000000000010010000000000000000000000000000000000000000000010000100101001010000000000000000000000000000000000000000
1000000000000000000000000001000000000000001110000000000000111100000000000011000000000000000100000000000011000000000000000110000000000000001000000000000001100000000000000000000000000000000000000000000011110011001001001110000000000000000000000000000000000000
1000000000000000000000000001000000000000000000000000000000000000000000000000000000000000000000000000000000000000000000000000000000000000000000000000000000000000000000000000000000000000000000000000000000000000000000000000000000000000000000000000000000000000
1000000000000000000000000001000000000000000000000000000000000000000000000000000000000000000000000000000000000000000000000000000000000000000000000000000000000000000000000000000000000000000000000000000000000000000000000000000000000000000000000000000000000000
1111111111111111111111111111001111111111111111111111111111111111111111111111111111111111111111111111111111111111111111111111111111111111111111111111111111111111111111011111101111111111111111111111111111111111111111111111111111111111111111111111111111111111
0000000000000000000000000000000000000000000000000000000000000000000000000000000000000000000000000000000000000000000000000000000000000000000000000000000000000000000000000000000000000000000000000000000000000000000000000000000000000000000000000000000000000000
0000000000000000000000000000000000000000000000000000000000000000000000000000000000000000000000000000000000000000000000000000000000000000000000000000000000000000000000000000000000000000000000000000000011000011111111000000111100011111111000000111100000000110
0000000000000000000000000000000000000000000000000000000000000000000000000000000000000000000000000000000000000000000000000000000000000000000000000000000000000000000000000000000000000000000000000000000011000011000000000001100110000000011000001100110000001110
0110000000000100000001001111000111100110000000010000000000000000010000000000000001110000000000100001011000000000001000000000000000000000000000000000000000000000001100000000000010001000000000000000001111000011000000000011000011000000110000011000011000011110
1001000000000100000011001000000100001001000000010000000000000000010000000000000001001000000000100001000000000000001000000000000000000000000000000000000000000000010010000000000010000000000000000000000011000011011100011011000011000000110011011000011000110110
0001010110011100000001001110010111001001000000010000011001110001110011001110000001001001100011100111010111000111011100011001110000000000000000000000000000000000010010111000000111001011010001100000000011000011100110011011000011000001100011011000011001100110
0110011000100100000001000001000000100111000000010000100101001010010100101001000001110000010100101001010100101001001000100101001000000000000000000000000000000000010010100100000010001010101010010000000011000000000011000011000011000001100000011000011011000110
0001010000100100000001000001000000100001000000010000100101001010010100101001000001000001110100101001010100101001001000100101001000000000000000000000000000000000010010100100000010001010101011110000000011000000000011000011000011000011000000011000011011000110
1001010000100100000001001001010100101001000000010000100101001010010100101001000001000010010100101001010100101001001000100101001000000000000000000000000000000000010010100100000010001010001010000000000011000000000011011011000011000011000011011000011011111111
0110010000011100000011100110000011000110000000011110011001001001110011001001000001000001110011100111010100100111000110011001001000000000000000000000000000000000001100100100000001101010001001110000000011000000000011011011000011000110000011011000011000000110
0000000000000000000000000000000000000000000000000000000000000000000000000000000000000000000000000000000000000001000000000000000000000000000000000000000000000000000000000000000000000000000000000000000011000011000110000001100110000110000000001100110000000110
0000000000000000000000000000000000000000000000000000000000000000000000000000000000000000000000000000000000001110000000000000000000000000000000000000000000000000000000000000000000000000000000000000000011000001111100000000111100000110000000000111100000000110
