1111111111111111111111111111000001000011100000011100111110000000011100000000000000100000000010000000000000000000000000000000000000000000000000000000000000000000000000000000000000000000000000000000000000000000000000000000011100000000000000000000000000000000
1000000000000000000000000001000011000100010000100010000010000000100010000000000000101000000010000000000000000000000000000000000000000000000000000000000000000000000000000000000000000000000000000000000000000000000000000000100010000000000000100010000000000000
1000000000000000000000000001000001000000010000100010000010000000100000000000000000100000000010000000000000000000000000000000000000000000000000000000000000000000000000000000000000000000000000000000000000000000000000000000100010000000000000100000000000000000
1000000000000000000000000001000001000000010010100010000100000000100000011100101100101001110010011100000000000000000000000000000000000000000000000000000000000000000000000000000000000000000000000000000000000000000000000000100010101100000001111010110100011100
1000000000000000000000000001000001000000100000100010000100000000100000000010110010101010000010100010000000000000000000000000000000000000000000000000000000000000000000000000000000000000000000000000000000000000000000000000100010110010000000100010101010100010
1000000000000000000000000001000001000001000000100010001000000000100000011110100000101001110010111110000000000000000000000000000000000000000000000000000000000000000000000000000000000000000000000000000000000000000000000000100010100010000000100010101010111110
1000000000000000000000000001000001000010000000100010001000000000100000100010100000101000001010100000000000000000000000000000000000000000000000000000000000000000000000000000000000000000000000000000000000000000000000000000100010100010000000100010101010100000
1000011110010000000000000001000001000100000010100010010000000000100010100010100000101010001010100010000000000000000000000000000000000000000000000000000000000000000000000000000000000000000000000000000000000000000000000000100010100010000000100010101010100010
1000010001010000000010000001000011100111110000011100010000000000011100011110100000101001110010011100000000000000000000000000000000000000000000000000000000000000000000000000000000000000000000000000000000000000000000000000011100100010000000011010101010011100
1000010001010000000010000001000000000000000000000000000000000000000000000000000000000000000000000000000000000000000000000000000000000000000000000000000000000000000000000000000000000000000000000000000000000000000000000000000000000000000000000000000000000000
1000010001010011100111100001000000000000000000000000000000000000000000000000000000000000000000000000000000000000000000000000000000000000000000000000000000000000000000000000000000000000000000000000000000000000000000000000000000000000000000000000000000000000
1000011110010000010010000001000000000000000000000000000000000000000000000000000000000000000000000000000000000000000000000000000000000000000000000000000000000000000000000000000000000000000000000000000000000000000000000000000000000000000000000000000000000000
1000010000010011110010000001000000000000000000000000000000000000000000000000000000000000000000000000000000000000000000000000000000000000000000000000000000000000000000000000000000000000000000000000000000000000000000000000000000000000000000000000000000000000
1000010000010100010010000001000000000000000000000000000000000000000000000000000000000000000000000000000000000000000000000000000000000000000000000000000000000000000000000000000000000000000000000000000000000000000000000000000000000000000000000000000000000000
1000010000010100010010000001000000000000000000000000000000000000000000000000000000000000000000000000000000000000000000000000000000000000000000000000000000000000000000000000000000000000000000000000000000000000000000000000000000000000000000000000000000000000
1000010000010011110001100001000000000000000000000000000000000000000000000000000000000000000000000000000000000000000000000000000000000000000000000000000000000000000000000000000000000000000000000000000000000000000000000000000000000000000000000000000000000000
1000000000000000000000000001000011100000000000000000000000000000000100010000000000000000000000001110000000000000000000000000000000000000000000000000000000000000000000000000000000000000000000000000000000000000000000000000000000000000000000000000000000000000
1000000000000000000000000001000100010000000000000000000010001000000100010000000000000010000000010001000000000000000000001000000000000000000000000000000000000000000000000000000000000000000000000000000000000000000000000000000000000000000000000000000000000000
1000000000000000000000000001000100010000000000000000000010000000000100010000000000000010000000010000000000000000000000001000000000000000000000000000000000000000000000000000000000000000000000000000000000000000000000000000000000000000000000000000000000000000
1000000000000000000000000001000100010100010011100101100111101000000100010011100011100111100000010000001110001110001110011110000000000000000000000000000000000000000000000000000000000000000000000000000000000000000000000000000000000000000000000000000000000000
1000000000000000000000000001000111110100010000010110010010001000000100010100010100000010000000010000010001000001010000001000000000000000000000000000000000000000000000000000000000000000000000000000000000000000000000000000000000000000000000000000000000000000
1000000000000000000000000001000100010010100011110100010010001000000101010111110011100010000000010000010001001111001110001000000000000000000000000000000000000000000000000000000000000000000000000000000000000000000000000000000000000000000000000000000000000000
1000000000111111110000000001000100010010100100010100010010001000000101010100000000010010000000010000010001010001000001001000000000000000000000000000000000000000000000000000000000000000000000000000000000000000000000000000000000000000000000000000000000000000
1000000000110000000000000001000100010001000100010100010010001000000110110100010100010010000000010001010001010001010001001000000000000000000000000000000000000000000000000000000000000000000000000000000000000000000000000000000000000000000000000000000000000000
1000000000110000000000000001000100010001000011110100010001101000000100010011100011100001100000001110001110001111001110000110000000000000000000000000000000000000000000000000000000000000000000000000000000000000000000000000000000000000000000000000000000000000
1000000001100000000000000001000000000000000000000000000000000000000000000000000000000000000000000000000000000000000000000000000000000000000000000000000000000000000000000000000000000000000000000000000000000000000000000000000000000000000000000000000000000000
1000000001100000000000000001000000000000000000000000000000000000000000000000000000000000000000000000000000000000000000000000000000000000000000000000000000000000000000000000000000000000000000000000000000000000000000000000000000000000000000000000000000000000
1000000001101111000000000001000000000000000000000000000000000000000000000000000000000000000000000000000000000000000000000000000000000000000000000000000000000000000000000000000000000000000000000000000000000000000000000000000000000000000000000000000000000000
1000000001110001100000000001000000000000000000000000000000000000000000000000000000000000000000000000000000000000000000000000000000000000000000000000000000000000000000000000000000000000000000000000000000000000000000000000000000000000000000000000000000000000
1000000000000000110000000001000000000000000000000000000000000000000000000000000000000000000000000000000000000000000000000000000000000000000000000000000000000000000000000000000000000000000000000000000000000000000000000000000000000000000000000000000000000000
1000000000000000110000000001000000000000000000000000000000000000000000000000000000000000000000000000000000000000000000000000000000000000000000000000000000000000000000000000000000000000000000000000000000000000000000000000000000000000000000000000000000000000
1000000000000000110000000001000000000000000000000000000000000000000000000000000000000000000000000000000000000000000000000000000000000000000000000000000000000000000000000000000000000000000000000000000000000000000000000000000000000000000000000000000000000000
1000000000000000110000000001000000111111111111111111111111111111111111111111111111111111111111111111111111111000011111111111111111111111111111111111111111111111111111111111111111111111111100000000000000000000000000000000000000000000000000000000000000000000
1000000001100001100000000001000000100000000000000100000000000000100000000000000100000000000000100000000000000100010000000000000010000000000000010000000000000010000000000000010000000000000010000000000000000000000000000000000000000000000000000000000000000000
1000000000111111000000000001000001100000000000000100000000000000100000000000000100000000000000100010000010000100110001000001000010000000000000010000000000000010000000000000010000000000000010000000000000000000000000000000000000000000000000000000000000000000
1000000000000000000000000001000001100000000000000100000000000000100000000000000100000000000000100110000010000100110011000001000010000000000000010000000000000010000000000000010000000000000010000000000000000000000000000000000000000000000000000000000000000000
1000000000000000000000000001000011100000000000000100000000000000100000000000000100000000000000100010011011100101110001001101110010000000000000010000000000000010000000000000010000000000000010000000100010001100100000000000000000000000000000000000000000000000
1000000000000000000000000001000011100000000000000100000000000000100000000000000100000000000000100010100010000101110001010001000010000000000000010000000000000010000000000000010000000000000010000001000110010010010000000000000000000000000000000000000000000000
1000000000000000000000000001000111100000000000000100000000000000100000000000000100000000000000100010010010000111110001001001000010000000000000010000000000000010000000000000010000000000000010000010000010010010001000000000000000000000000000000000000000000000
1000000000000000000000000001000111100000000000000100000000000000100000000000000100000000000000100010001010000111110001000101000010000000000000010000000000000010000000000000010000000000000010000010000010010010001000000000000000000000000000000000000000000000
1000000000000000000000000001001111100000000000000100000000000000100000000000000100000000000000100010110001100111110001011000110010000000000000010000000000000010000000000000010000000000000010000010000010010010001000000000000000000000000000000000000000000000
1000000000000000000000000001001111100000000000000100000000000000100000000000000100000000000000100000000000000111110000000000000010000000000000010000000000000010000000000000010000000000000010000001000010010010010000000000000000000000000000000000000000000000
1000000000000000000000000001000111111111111111111111111111111111111111111111111111111111111111111111111111111011111111111111111111111111111111111111111111111111111111111111111111111111111100000000100111001100100000000000000000000000000000000000000000000000
1000000000000000000000000001000000000000000000000000000000000000000000000000000000000000000000000000000000000000000000000000000000000000000000000000000000000000000000000000000000000000000000000000000000000000000000000000000000000000000000000000000000000000
1000000000000000000000000001000000000000000000000000000000000000000000000000000000000000000000000000000000000000000000000000000000000000000000000000000000000000000000000000000000000000000000000000000000000000000000000000000000000000000000000000000000000000
1000000000000000000000000001000000000000000000000000000000000000000000000000000000000000000000000000000000000000000000000000000000000000000000000000000000000000000000000000000000000000000000000000000000000000000000000000000000000000000000000000000000000000
1000000000000000000000000001000000000000000000000000000000000000000000000000000000000000000000000000000000000000000000000000000000000000000000000000000000000000000000000000000000000000000000000000000000000000000000000000000000000000000000000000000000000000
1111111111111111111111111111001111111111111111111111111111111111111111111111111111111111111111111111111111111111111111111111111111111111111111111111111111111111111111111111111111111111111111111111111111111111111111111111111111111111111111111111111111111111
0000000000000000000000000000000000000000000000000000000000000000000000000000000000000000000000000000000000000000000000000000000000000000000000000000000000000000000000000000000000000000000000000000000000000000000000000000000000000000000000000000000000000000
0000000000000000000000000000000000000000000000000000000000000000000000000000000000000000000000000000000000000000000000000000000000000000000000000000000000000000000000000000000000000000000000000000000011000000011000000001111110000111100000001111110000111100
0000000000000000000000000000000000000000000000000000000000000000000000000000000000000000000000000000000000000000000000000000000000000000000000000000000000000000000000000000000000000000000000000000000011000000011000000011000011001100110000011000011001100110
0011000000000010000000001000110000001001111000000000000100000000001110010000000000001000000000001000000000000000000010010000000000000000011000100000000000000000000011000000000000100010000000000000001111000001111000000000000011011000011000000000011011000011
0100100000000010000000011001001000011000001000000000000000000000001001000000000000000000000000001000000000000000000011010000000000000000100100100000000000000000000100100000000000100000000000000000000011000000011000011000000011011000011011000000011011000011
0000101011001110000000001000001010001000010000000100010100110000001001010101101101001011100011101110001100110100000010110011001000100000100001110000000000000000000100101110000001110010110100011000000011000000011000011000000110011000011011000000110001100110
0011001100010010000000001000110000001000100000000100010100001000001110010110001010101010010100101001000010101010000010010100101010100000011000100000000000000000000100101001000000100010101010100100000011000000011000000000001100001100111000000001100000111100
0000101000010010000000001000001000001000100000000100010100111000001001010100001010101010010100101001001110101010000010010111101010100000000100100000000000000000000100101001000000100010101010111100000011000000011000000000011000000111011000000011000001100110
0100101000010010000000001001001010001000100000000010100101001000001001010100001000101010010100101001010010100010000010010100001010100000100100100000000000000000000100101001000000100010100010100000000011000000011000011000110000000000011011000110000011000011
0011001000001110000000011100110000011100100000000001000100111000001110010100001000101010010011101001001110100010000010010011100101000000011000011000000000000000000011001001000000011010100010011100000011000000011000011001100000000000011011001100000011000011
0000000000000000000000000000000000000000000000000000000000000000000000000000000000000000000000100000000000000000000000000000000000000000000000000000000000000000000000000000000000000000000000000000000011000000011000000011000000011000110000011000000001100110
0000000000000000000000000000000000000000000000000000000000000000000000000000000000000000000111000000000000000000000000000000000000000000000000000000000000000000000000000000000000000000000000000000000011000000011000000011111111001111100000011111111000111100
