0001000000000000000000111000111000000111000111000000000011110000000000000000000000000000000000000000000000001000000000010001000000000000010000000000000000000000000000000000000000000000000000000000000000000000000000000000011110000000000000000000000000000000
0011000000000000000001000101000100001000101000100000000010001000000000000001000000000000000000000000000010001000000000010001000000000000010000000000000000000000000000000000000000000000000000000000000000000000000000000000100010000000000000100010000000000000
0001000000001000000000000100000100000000101000100000000010001000000000000001000000000000000000000000000010001000000000010001000000000000010000000000000000000000000000000000000000000000000000000000000000000000000000000000100010000000000000100000000000000000
0001000000001000000000000100000100100000101000100000000010001001110010110011110011100110100011100100010111101011000000010001001110010110010110001110010001010110000000000000000000000000000000000000000000000000000000000000100010101100000001111010110100011100
0001000111011100000000001000001000000011100111000000000011110010001011001001000100000101010100010100010010001100100000011111000001011001011001010001010001011001000000000000000000000000000000000000000000000000000000000000100010110010000000100010101010100010
0001001000001000000000010000010000000000101000100000000010000010001010000001000011100101010100010100010010001000100000010001001111010000010001010001010001010000000000000000000000000000000000000000000000000000000000000000100010100010000000100010101010111110
0001000110001000000000100000100000000000101000100000000010000010001010000001000000010101010100010100010010001000100000010001010001010000010001010001010001010000000000000000000000000000000000000000000000000000000000000000100010100010000000100010101010100000
0001000001001000000001000001000000101000101000100000000010000010001010000001000100010101010100010100110010001000100000010001010001010000011001010001010011010000000000000000000000000000000000000000000000000000000000000000100010100010000000100010101010100010
0011101110000110000001111101111100000111000111000000000010000001110010000000110011100101010011100011010001101000100000010001001111010000010110001110001101010000000000000000000000000000000000000000000000000000000000000000011100100010000000011010101010011100
0000000000000000000000000000000000000000000000000000000000000000000000000000000000000000000000000000000000000000000000000000000000000000000000000000000000000000000000000000000000000000000000000000000000000000000000000000000000000000000000000000000000000000
0000000000000000000000000000000000000000000000000000000000000000000000000000000000000000000000000000000000000000000000000000000000000000000000000000000000000000000000000000000000000000000000000000000000000000000000000000000000000000000000000000000000000000
0000000000000000000000000000000000000000000000000000000000000000000000000000000000000000000000000000000000000000000000000000000000000000000000000000000000000000000000000000000000000000000000000000000000000000000000000000000000000000000000000000000000000000
0000000000000000000000000000000000000000000000000000000000000000000000000000000000000000000000000000000000000000000000000000000000000000000000000000000000000000000000000000000000000000000000000000000000000000000000000000000000000000000000000000000000000000
0000000000000000000000000000000000000000000000000000000000000000000000000000000000000000000000000000000000000000000000000000000000000000000000000000000000000000000000000000000000000000000000000000000000000000000000000000000000000000000000000000000000000000
1110000000000000000100000000000000000000000000000000000000000000000000000000000000000000010001100000000000000000000001000000000000001100000000000000000000000000100000000000000000111001100000000000000000000000000000000000000000000000000000000000000000000000
0000000000000000000100000000000000000000000000000000000000000000000000000000000000000000010000100000000000000000000001000000000000010000000000000000000000000000000000000000000000100100100000000000000000000000000000000000000000000000000000000000000000000000
0000011001011001100111000110011010000000110010110011000000011101001010110101100110011100111000100100100000011001001011100000001100111000000011100110010110100010100111001100000000100100100011000110001110011000000011100000000000000000000000000000000000000000
1100000101100010010100100001010101000000001011000100100000100001001011000110001001010010010000100100100000100101001001000000010010010000000100001001011000100010101000010010000000111000100100100001010000100100000100000000000000000000000000000000000000000000
0000011101000011110100100111010101000000111010000111100000100001001010000100001111010010010000100100100000100101001001000000010010010000000011001111010000100010101000011110000000100000100111100111001100111100000011000000000000000000000000000000000000000000
0000100101000010000100101001010001000001001010000100000000100001001010000100001000010010010000100100100000100101001001000000010010010000000000101000010000010100101000010000000000100000100100001001000010100000000000100000000000000000000000000000000000000000
0000011101000001110100100111010001000000111010000011100000011100111010000100000111010010001101110011100000011000111000110000001100010000000111000111010000001000100111001110100000100001110011100111011100011100000111000000000000000000000000000000000000000000
0000000000000000000000000000000000000000000000000000000000000000000000000000000000000000000000000000100000000000000000000000000000000000000000000000000000000000000000000000000000000000000000000000000000000000000000000000000000000000000000000000000000000000
0000000000000000000000000000000000000000000000000000000000000000000000000000000000000000000000000111000000000000000000000000000000000000000000000000000000000000000000000000000000000000000000000000000000000000000000000000000000000000000000000000000000000000
0000000000000000000000000000000000000000000000000000000000000000000000000000000000000000000000000000000000000000000000000000000000000000000000000000000000000000000000000000000000000000000000000000000000000000000000000000000000000000000000000000000000000000
0000000000000000000000000000000000011111111111111111111111111111111111111111111100000000000000000000000000000000000000000000000000000000000000000000000000000000000000000000000000000000000000000000000000000000000000000000000000000000000000000000000000000000
0000000000000000000000000000000000010000000000000010000000000000010000000000000010000000000000000000000000000000000000000000000000000000000000000000000000000000000000000000000000000000000000000000000000000000000000000000000000000000000000000000000000000000
0000000000000000000000000000000000110000011100000010000111100000010000011100000010000000000000000000000000000000000000000000000000000000000000000000000000000000000000000000000000000000000000000000000000000000000000000000000000000000000000000000000000000000
0000000000000000000000000000000000110000100010000010000100010000010000100010000010000000000000000000000000000000000000000000000000000000000000000000000000000000000000000000000000000000000000000000000000000000000000000000000000000000000000000000000000000000
0000000000000000000000000000000001110000100010000010000100010000010000100000000010000000000000000000000000000000000000000000000000000000000000000000000000000000000000000000000000000000000000000000000000000000000000000000000000000000000000000000000000000000
0000000000000000000000000000000001110000111110000010000111100000010000100000000010000000000000000000000000000000000000000000000000000000000000000000000000000000000000000000000000000000000000000000000000000000000000000000000000000000000000000000000000000000
0000000000000000000000000000000011110000100010000010000100010000010000100000000010000000000000000000000000000000000000000000000000000000000000000000000000000000000000000000000000000000000000000000000000000000000000000000000000000000000000000000000000000000
0000000000000000000000000000000011110000100010000010000100010000010000100010000010000000000000000000000000000000000000000000000000000000000000000000000000000000000000000000000000000000000000000000000000000000000000000000000000000000000000000000000000000000
0000000000000000000000000000000111110000100010000010000111100000010000011100000010000000000000000000000000000000000000000000000000000000000000000000000000000000000000000000000000000000000000000000000000000000000000000000000000000000000000000000000000000000
0000000000000000000000000000000111110000000000000010000000000000010000000000000010000000000000000000000000000000000000000000000000000000000000000000000000000000000000000000000000000000000000000000000000000000000000000000000000000000000000000000000000000000
0000000000000000000000000000000011111111111111111111111111111111111111111111111100000000000000000000000000000000000000000000000000000000000000000000000000000000000000000000000000000000000000000000000000000000000000000000000000000000000000000000000000000000
0000000000000000000000000000000000000000000000000000000000000000000000000000000000000000000000000000000000000000000000000000000000000000000000000000000000000000000000000000000000000000000000000000000000000000000000000000000000000000000000000000000000000000
0001111111111110001111111111110001111111111111111000111111111111000111111111111000111111111111000111111111111000111111111111000111111111111000111111111111000000000000000000000000000000000000000000000000000000000000000000000000000000000000000000000000000000
0000000000000000000000000000000000000000000000000000000000000000000000000000000000000000000000000000000000000000000000000000000000000000000000000000000000000000000000000000000000000000000000000000000000000000000000000000000000000000000000000000000000000000
0000000001000000000000011000000000000000110000000000000000010000000000011110000000000001100000000000011110000000000001100000000000001100000000000100011000000000111100000000000000000000000000000000000000000000000000000000000000000000000000000000000000000000
0000000011000000000000100100000000000001001000000000000000110000000000010000000000000010010000000000000010000000000010010000000000010010000000001100100100000000000100000000000000000000000000000000000000000000000000000000000000000000000000000000000000000000
0000000001000000000000000100000000000000001000000000000001010000000000011100000000000010000000000000000100000000000010010000000000010010000000000100100100000000001000110011100011000000000000000000000000000000000000000000000000000000000000000000000000000000
0000000001000000000000001000000000000000110000000000000010010000000000000010000000000011100000000000001000000000000001100000000000001110000000000100100100000000010001001010010100100000000000000000000000000000000000000000000000000000000000000000000000000000
0000000001000000000000010000000000000000001000000000000011110000000000000010000000000010010000000000001000000000000010010000000000000010000000000100100100000000100001001010010111100000000000000000000000000000000000000000000000000000000000000000000000000000
0000000001000000000000100000000000000001001000000000000000010000000000010010000000000010010000000000001000000000000010010000000000010010000000000100100100000000100001001010010100000000000000000000000000000000000000000000000000000000000000000000000000000000
0000000011100000000000111100000000000000110000000000000000010000000000001100000000000001100000000000001000000000000001100000000000001100000000001110011000000000111100110010010011100000000000000000000000000000000000000000000000000000000000000000000000000000
0000000000000000000000000000000000000000000000000000000000000000000000000000000000000000000000000000000000000000000000000000000000000000000000000000000000000000000000000000000000000000000000000000000000000000000000000000000000000000000000000000000000000000
0000000000000000000000000000000000000000000000000000000000000000000000000000000000000000000000000000000000000000000000000000000000000000000000000000000000000000000000000000000000000000000000000000000000000000000000000000000000000000000000000000000000000000
0000000000000000000000000000000000000000000000000000000000000000000000000000000000000000000000000000000000000000000000000000000000000000000000000000000000000000000000000000000000000000000000000000000000000000000000000000000000000000000000000000000000000000
0000000000000000000000000000000000000000000000000000000000000000000000000000000000000000000000000000000000000000000000000000000000000000000000000000000000000000000000000000000000000000000000000000000000000000000000000000000000000000000000000000000000000000
0000000000000000000000000000000000000000000000000000000000000000000000000000000000000000000000000000011111100011111100000011111000000001100000000110000111111110000000000000000000000000000000000000000000000000000000000000000000000000000000000000000000000000
0000000000000000000000000000000000000000000000000000000000000000000000000000000000000000000000000000110000110110000110000110001100000011100000000110000110000000000000000000000000000000000000000000000000000000000000000000000000000000000000000000000000000000
0000000000000000000000000000000000000000000000000000000000000000000000000000000000000000000000000000000000110000000110000000000110000111100000011110000110000000000000000000000000000000000000000000000000000000000000000000000000000000000000000000000000000000
0000000000000000000000000000000000000000000000000000000000000000000000000000000000000000000000000000000000110000000110110000000110001101100110000110000110111000000000000000000000000000000000000000000000000000000000000000000000000000000000000000000000000000
0000000000000000000000000000000000000000000000000000000000000000000000000000000000000000000000000000000001100000001100110000001100011001100110000110000111001100000000000000000000000000000000000000000000000000000000000000000000000000000000000000000000000000
0000000000000000000000000000000000000000000000000000000000000000000000000000000000000000000000000000000011000000011000000001111000110001100000000110000000000110000000000000000000000000000000000000000000000000000000000000000000000000000000000000000000000000
0000000000000000000000000000000000000000000000000000000000000000000000000000000000000000000000000000000110000000110000000000001100110001100000000110000000000110000000000000000000000000000000000000000000000000000000000000000000000000000000000000000000000000
0000000000000000000000000000000000000000000000000000000000000000000000000000000000000000000000000000001100000001100000110000000110111111110110000110000000000110000000000000000000000000000000000000000000000000000000000000000000000000000000000000000000000000
0000000000000000000000000000000000000000000000000000000000000000000000000000000000000000000000000000011000000011000000110000000110000001100110000110000000000110000000000000000000000000000000000000000000000000000000000000000000000000000000000000000000000000
0000000000000000000000000000000000000000000000000000000000000000000000000000000000000000000000000000110000000110000000000110001100000001100000000110000110001100000000000000000000000000000000000000000000000000000000000000000000000000000000000000000000000000
0000000000000000000000000000000000000000000000000000000000000000000000000000000000000000000000000000111111110111111110000011111000000001100000000110000011111000000000000000000000000000000000000000000000000000000000000000000000000000000000000000000000000000
