0000000000000000000000000000000001110001110000001110011111000000010001000000010000000100000000000000000000010000000000000000000000000000000000000000000000000000000000000000000000000000000000000000000000000000000000000000011100000000000000000000000000000000
0000000000000000000000000000000010001010001000010001010000000000010001000000010000000100000000000000000000010000000000000000000000000000000000000000000000000000000000000000000000000000000000000000000000000000000000000000100010000000000000100010000000000000
0000000000000000000000000000000010001010001000000001010000000000010001000000010000000100000000000000000000010000000000000000000000000000000000000000000000000000000000000000000000000000000000000000000000000000000000000000100010000000000000100000000000000000
0000000000000000000000000000000010001010001001000001011110000000010001001110010100010101100011100011100011010000000000000000000000000000000000000000000000000000000000000000000000000000000000000000000000000000000000000000100010101100000001111010110100011100
0000000000000000000000000000000010001001110000000010000001000000011111010001010100010110010100010000010100110000000000000000000000000000000000000000000000000000000000000000000000000000000000000000000000000000000000000000100010110010000000100010101010100010
0000000000000000000000000000000010001010001000000100000001000000010001010001010100010100010111110011110100010000000000000000000000000000000000000000000000000000000000000000000000000000000000000000000000000000000000000000100010100010000000100010101010111110
0000000000000000000000000000000010001010001000001000000001000000010001010001010100010100010100000100010100010000000000000000000000000000000000000000000000000000000000000000000000000000000000000000000000000000000000000000100010100010000000100010101010100000
0000011110010000000000000000000010001010001001010000010001000000010001010001010100110100010100010100010100110000000000000000000000000000000000000000000000000000000000000000000000000000000000000000000000000000000000000000100010100010000000100010101010100010
0000010001010000000010000000000001110001110000011111001110000000010001001110010011010100010011100011110011010000000000000000000000000000000000000000000000000000000000000000000000000000000000000000000000000000000000000000011100100010000000011010101010011100
0000010001010000000010000000000000000000000000000000000000000000000000000000000000010000000000000000000000000000000000000000000000000000000000000000000000000000000000000000000000000000000000000000000000000000000000000000000000000000000000000000000000000000
0000010001010011100111100000000000000000000000000000000000000000000000000000000100010000000000000000000000000000000000000000000000000000000000000000000000000000000000000000000000000000000000000000000000000000000000000000000000000000000000000000000000000000
0000011110010000010010000000000000000000000000000000000000000000000000000000000011100000000000000000000000000000000000000000000000000000000000000000000000000000000000000000000000000000000000000000000000000000000000000000000000000000000000000000000000000000
0000010000010011110010000000000000000000000000000000000000000000000000000000000000000000000000000000000000000000000000000000000000000000000000000000000000000000000000000000000000000000000000000000000000000000000000000000000000000000000000000000000000000000
0000010000010100010010000000000000000000000000000000000000000000000000000000000000000000000000000000000000000000000000000000000000000000000000000000000000000000000000000000000000000000000000000000000000000000000000000000000000000000000000000000000000000000
0000010000010100010010000000000000000000000000000000000000000000000000000000000000000000000000000000000000000000000000000000000000000000000000000000000000000000000000000000000000000000000000000000000000000000000000000000000000000000000000000000000000000000
0000010000010011110001100000000000000000000000000000000000000000000000000000000000000000000000000000000000000000000000000000000000000000000000000000000000000000000000000000000000000000000000000000000000000000000000000000000000000000000000000000000000000000
0000000000000000000000000000000011111000000000000000000000000000000000000000001100000000000000000000000000000100000000000000110000000111000000000000000000000000000000010000000000000000000000000000000000000000000000000000000000000000000000000000000000000000
0000000000000000000000000000000000100000000000000010000000000001000000000000010000000000000000000000000000000100000000000001000000001000100000000000000000000000000000010000000000000000000000000000000000000000000000000000000000000000000000000000000000000000
0000000000000000000000000000000000100000000000000000000000000000000000000000010000000000000000000000000000000100000000000001000000000000100000000000000000000000000000010000000000000000000000000000000000000000000000000000000000000000000000000000000000000000
0000000000000000000000000000000000100010110001110010101100000001001110000000111100111001011001101000111000110100000001110011110000000000100000001111001110001110001111010110001110001110000000000000000000000000000000000000000000000000000000000000000000000000
0000000000000000000000000000000000100011001000001010110010000001010000000000010001000101100101010101000101001100000010001001000000000011000000010000010001000001010000011001010001010000000000000000000000000000000000000000000000000000000000000000000000000000
0000000000000000000000000000000000100010000001111010100010000001001110000000010001000101000001010101111101000100000010001001000000000000100000010000010001001111010000010001011111001110000000000000000000000000000000000000000000000000000000000000000000000000
0000000000111111000000000000000000100010000010001010100010000001000001000000010001000101000001010101000001000100000010001001000000000000100000010000010001010001010000010001010000000001000000000000000000000000000000000000000000000000000000000000000000000000
0000000001100001100000000000000000100010000010001010100010000001010001000000010001000101000001010101000101001100000010001001000000001000100000010000010001010001010000010001010001010001000000000000000000000000000000000000000000000000000000000000000000000000
0000000000000000110000000000000000100010000001111010100010000001001110000000010000111001000001010100111000110100000001110001000000000111000000001111001110001111001111010001001110001110000000000000000000000000000000000000000000000000000000000000000000000000
0000000000000000110000000000000000000000000000000000000000000000000000000000000000000000000000000000000000000000000000000000000000000000000000000000000000000000000000000000000000000000000000000000000000000000000000000000000000000000000000000000000000000000
0000000000000000110000000000000000000000000000000000000000000000000000000000000000000000000000000000000000000000000000000000000000000000000000000000000000000000000000000000000000000000000000000000000000000000000000000000000000000000000000000000000000000000
0000000000000001100000000000000000000000000000000000000000000000000000000000000000000000000000000000000000000000000000000000000000000000000000000000000000000000000000000000000000000000000000000000000000000000000000000000000000000000000000000000000000000000
0000000000000011000000000000000000000000000000000000000000000000000000000000000000000000000000000000000000000000000000000000000000000000000000000000000000000000000000000000000000000000000000000000000000000000000000000000000000000000000000000000000000000000
0000000000000110000000000000000000000000000000000000000000000000000000000000000000000000000000000000000000000000000000000000000000000000000000000000000000000000000000000000000000000000000000000000000000000000000000000000000000000000000000000000000000000000
0000000000001100000000000000000000000000000000000000000000000000000000000000000000000000000000000000000000000000000000000000000000000000000000000000000000000000000000000000000000000000000000000000000000000000000000000000000000000000000000000000000000000000
0000000000011000000000000000000000000000000000000000000000000000000000000000000000000000000000000000000000000000000000000000000000000000000000000000000000000000000000000000000000000000000000000000000000000000000000000000000000000000000000000000000000000000
0000000000110000000000000000000000011111111111111111111111111111111111111111111100000000000000000000000000000000000000000000000000000000000000000000000000000000000000000000000000000000000000000000000000000000000000000000000000000000000000000000000000000000
0000000001100000000000000000000000010000000000000010000000000000010000000000000010000000000000000000000000000000000000000000000000000000000000000000000000000000000000000000000000000000000000000000000000000000000000000000000000000000000000000000000000000000
0000000001111111110000000000000000110000000000000010000000000000010000000000000010000000000000000000000000000000000000000000000000000000000000000000000000000000000000000000000000000000000000000000000000000000000000000000000000000000000000000000000000000000
0000000000000000000000000000000000110000000000000010000000000000010000000000000010000000000000000000000000000000000000000000000000000000000000000000000000000000000000000000000000000000000000000000000000000000000000000000000000000000000000000000000000000000
0000000000000000000000000000000001110000000000000010000000000000010000000000000010000001100000000000000000000000000100000000000000000000000000000000000000000000000000000000000000000000000000000000000000000000000000000000000000000000000000000000000000000000
0000000000000000000000000000000001110000000000000010000000000000010000000000000010000010010000000000000000000000000100000000000000000000000000000000000000000000000000000000000000000000000000000000000000000000000000000000000000000000000000000000000000000000
0000000000000000000000000000000011110000000000000010000000000000010000000000000010000000010000001110011000110001110111000110001110000000000000000000000000000000000000000000000000000000000000000000000000000000000000000000000000000000000000000000000000000000
0000000000000000000000000000000011110000000000000010000000000000010000000000000010000001100000010000100100001010000100101001010000000000000000000000000000000000000000000000000000000000000000000000000000000000000000000000000000000000000000000000000000000000
0000000000000000000000000000000111110000000000000010000000000000010000000000000010000000010000010000100100111010000100101111001100000000000000000000000000000000000000000000000000000000000000000000000000000000000000000000000000000000000000000000000000000000
0000000000000000000000000000000111110000000000000010000000000000010000000000000010000010010000010000100101001010000100101000000010000000000000000000000000000000000000000000000000000000000000000000000000000000000000000000000000000000000000000000000000000000
0000000000000000000000000000000011111111111111111111111111111111111111111111111100000001100000001110011000111001110100100111011100000000000000000000000000000000000000000000000000000000000000000000000000000000000000000000000000000000000000000000000000000000
0000000000000000000000000000000000000000000000000000000000000000000000000000000000000000000000000000000000000000000000000000000000000000000000000000000000000000000000000000000000000000000000000000000000000000000000000000000000000000000000000000000000000000
0000000000000000000000000000000000000000000000000000000000000000000000000000000000000000000000000000000000000000000000000000000000000000000000000000000000000000000000000000000000000000000000000000000000000000000000000000000000000000000000000000000000000000
0000000000000000000000000000000000000000000000000000000000000000000000000000000000000000000000000000000000000000000000000000000000000000000000000000000000000000000000000000000000000000000000000000000000000000000000000000000000000000000000000000000000000000
0000000000000000000000000000000000000000000000000000000000000000000000000000000000000000000000000000000000000000000000000000000000000000000000000000000000000000000000000000000000000000000000000000000000000000000000000000000000000000000000000000000000000000
0000000000000000000000000000000000000000000000000000000000000000000000000000000000000000000000000000000000000000000000000000000000000000000000000000000000000000000000000000000000000000000000000000000000000000000000000000000000000000000000000000000000000000
0000000000000000000000000000000000000000000000000000000000000000000000000000000000000000000000000000000000000000000000000000000000000000000000000000000000000000000000000000000000000000000000000000000000000000000000000000000000000000000000000000000000000000
0000000000000000000000000000000000000000000000000000000000000000000000000000000000000000000000000000000000000000000000000000000000000000000000000000000000000000000000000000000000000000000000000000000111100000111100000000111100000111100000001111110000111110
0000000000000000000000000000000000000000000000000000000000000000000000000000000000000000000000000000000000000000000000000000000000000000000000000000000000000000000000000000000000000000000000000000001100110001100110000001100110001100110000011000011001100011
0001100000000001100011000001100011000000001110010000000000001000000000001000000000000000000011100000001000110000000000000000000000000000000000000000000000000000001100000000000010001000000000000000011000011011000011000011000011011000011000000000011011000000
0010010000000010010100100010010100100000001001000000000000000000000000001000000000000000000001000000001000010000000000000000000000000000000000000000000000000000010010000000000010000000000000000000011000011011000011011011000011011000011011000000011011000000
0000010000000010010100101000010100100000001001010101101101001011100011101110001100110100000001001110011100010000000000000000000000000000000000000000000000000000010010111000000111001011010001100000011000011001100110011011000011011000011011000000110011011100
0000100000000010010011100001100100100000001110010110001010101010010100101001000010101010000001001001001000010000000000000000000000000000000000000000000000000000010010100100000010001010101010010000011000011000111100000011000011011000011000000001100011100110
0001000000000010010000100000010100100000001001010100001010101010010100101001001110101010000001001001001000010000000000000000000000000000000000000000000000000000010010100100000010001010101011110000011000011001100110000011000011011000011000000011000011000011
0010000000000010010100101010010100100000001001010100001000101010010100101001010010100010000001001001001000010000000000000000000000000000000000000000000000000000010010100100000010001010001010000000011000011011000011011011000011011000011011000110000011000011
0011110100000001100011000001100011000000001110010100001000101010010011101001001110100010000011101001000110111000000000000000000000000000000000000000000000000000001100100100000001101010001001110000011000011011000011011011000011011000011011001100000011000011
0000000000000000000000000000000000000000000000000000000000000000000000100000000000000000000000000000000000000000000000000000000000000000000000000000000000000000000000000000000000000000000000000000001100110001100110000001100110001100110000011000000001100110
0000000000000000000000000000000000000000000000000000000000000000000111000000000000000000000000000000000000000000000000000000000000000000000000000000000000000000000000000000000000000000000000000000000111100000111100000000111100000111100000011111111000111100
