1111111111111111111111111111000100000000000000000000010000000000000000001000100000000000000000000000010000000000000000000000000000000000000000000000000000000000000000000000000000000000000000000000000000000000000000000000000000111000000000000000000000000000
1000000000000000000000000001000100000000000000000000010000000000000000001000100000000100000000000000010000000000000000000000000000000000000000000000000000000000000000000000000000000000000000000000000000000000000000000000000001000100000000000010000000000000
1000000000000000000000000001000100000000000000000000010000000000000000001000100000000100000000000000010000000000000000000000000000000000000000000000000000000000000000000000000000000000000000000000000000000000000000000000000000000100000000000000000000000000
1000000000000000000000000001000100000011100101100011010011100101100000001000100111001111001110010110010011100011100000000000000000000000000000000000000000000000000000000000000000000000000000000000000000000000000000000000000000000100000011010010101100011100
1000000000000000000000000001000100000100010110010100110100010110010000001000100000100100010001011001010100010100010000000000000000000000000000000000000000000000000000000000000000000000000000000000000000000000000000000000000000011000000010101010110010100000
1000000000000000000000000001000100000100010100010100010100010100010000001010100111100100011111010000010100010100010000000000000000000000000000000000000000000000000000000000000000000000000000000000000000000000000000000000000000000100000010101010100010011100
1000000000000000000000000001000100000100010100010100010100010100010000001010101000100100010000010000010100010100010000000000000000000000000000000000000000000000000000000000000000000000000000000000000000000000000000000000000000000100000010101010100010000010
1000011110010000000000000001000100000100010100010100110100010100010000001101101000100100010001010000010100010100010000000000000000000000000000000000000000000000000000000000000000000000000000000000000000000000000000000000000001000100000010101010100010100010
1000010001010000000010000001000111110011100100010011010011100100010000001000100111100011001110010000010011100011100000000000000000000000000000000000000000000000000000000000000000000000000000000000000000000000000000000000000000111000000010101010100010011100
1000010001010000000010000001000000000000000000000000000000000000000000000000000000000000000000010000000000000000000000000000000000000000000000000000000000000000000000000000000000000000000000000000000000000000000000000000000000000000000000000000000000000000
1000010001010011100111100001000000000000000000000000000000000000000000000000000000000000000000000000000000000000000000000000000000000000000000000000000000000000000000000000000000000000000000000000000000000000000000000000000000000000000000000000000000000000
1000011110010000010010000001000000000000000000000000000000000000000000000000000000000000000000000000000000000000000000000000000000000000000000000000000000000000000000000000000000000000000000000000000000000000000000000000000000000000000000000000000000000000
1000010000010011110010000001000000000000000000000000000000000000000000000000000000000000000000000000000000000000000000000000000000000000000000000000000000000000000000000000000000000000000000000000000000000000000000000000000000000000000000000000000000000000
1000010000010100010010000001000000000000000000000000000000000000000000000000000000000000000000000000000000000000000000000000000000000000000000000000000000000000000000000000000000000000000000000000000000000000000000000000000000000000000000000000000000000000
1000010000010100010010000001000000000000000000000000000000000000000000000000000000000000000000000000000000000000000000000000000000000000000000000000000000000000000000000000000000000000000000000000000000000000000000000000000000000000000000000000000000000000
1000010000010011110001100001000000000000000000000000000000000000000000000000000000000000000000000000000000000000000000000000000000000000000000000000000000000000000000000000000000000000000000000000000000000000000000000000000000000000000000000000000000000000
1000010000000000000000000001000011100000000101000000000000000000000000000000000000000100000000001111000000011011110001100000111111011110110000000000000000001100000000000000000000110000000000000000111001100000000000000000000000110000000000000000000110111100
1000000000000000000000000001000100010000000101010000000000000000000000000100000000000100000000001111000000110110011011100000110000110011011000000011000000001100000000000000000000110000000000000000111001100000001100000000000000110000000000000000001101100110
1000000000000000000000000001000100000000000101000000000000000000000000000100000000000100000000001111000001100000011001100000110000110011001100000111100000001100000000000000000000110000000000000000111001100000001100000000000000110000000000000000011000000110
1000000000000000000000000001000100000011100101010101100011010000000111001111001000000111100111101111000001100000011001100011111110110011001100000111100000001100000111101111100111110111101111100000111001101111011111011110111110110111100111100000011000000110
1000000000000000000000000001000100000000010101010110010100110000000000100100000000000110110000111111000001100000110001100000000011110011001100000011000000001100001100111110110101111000111110110000011001100001101100110011111011111100111100110000011000001100
1000000000000000000000000001000100000011110101010100010100010000000111100100000000000100110111111111000001100001100001100000000011110011001100000111111000001100001100111100111100111000111100110000011111100111001100111111110000111100111100110000011000001000
1000000000111111000000000001000100000100010101010100010100010000001000100100000000000100111100111111000001100011000001100000000011110011001100000110110000001100001100111100111100111100111100110000011111111000101100110000110000111110111100110000011000111000
1000000001100001100000000001000100010100010101010100010100110000001000100100001000000100111100111111000000110110000001100011110011110011011000000110110000001100001100111100111101111100111100110000011111111100111110010001111000011110011100110000001101110000
1000000000000000110000000001000011100011110101010100010011010000000111100011000000000100110111111111000000011111111011110000011110011110110000000011111000001111110111101100110111110111101100110000011001111111100111011110110000110111100111100000000111111110
1000000000000000110000000001000000000000000000000000000000010000000000000000000000000000000000000000000000000000000000000000000000000000000000000000000000000000000000000000000000000000000000000000000000000000000000000000000000000000000000000000000000000000
1000000000000000110000000001000000000000000000000000000100010000000000000000000000000000000000000000000000000000000000000000000000000000000000000000000000000000000000000000000000000000000000000000000000000000000000000000000000000000000000000000000000000000
1000000000000001100000000001000000000000000000000000000011100000000000000000000000000000000000000000000000000000000000000000000000000000000000000000000000000000000000000000000000000000000000000000000000000000000000000000000000000000000000000000000000000000
1000000000000011000000000001000000000000000000000000000000000000000000000000000000000000000000000000000000000000000000000000000000000000000000000000000000000000000000000000000000000000000000000000000000000000000000000000000000000000000000000000000000000000
1000000000000110000000000001000000000000000000000000000000000000000000000000000000000000000000000000000000000000000000000000000000000000000000000000000000000000000000000000000000000000000000000000000000000000000000000000000000000000000000000000000000000000
1000000000001100000000000001000000000000000000000000000000000000000000000000000000000000000000000000000000000000000000000000000000000000000000000000000000000000000000000000000000000000000000000000000000000000000000000000000000000000000000000000000000000000
1000000000011000000000000001000000000000000000000000000000000000000000000000000000000000000000000000000000000000000000000000000000000000000000000000000000000000000000000000000000000000000000000000000000000000000000000000000000000000000000000000000000000000
1000000000110000000000000001000000111111111111111111111111111111111111111111111111111111111111111111111111111111111111111111111111111111111111111111111111000000000000000000000000000000000000000000000000000000000000000000000000000000000000000000000000000000
1000000001100000000000000001000000100000000000000100000000000000100000000000000100000000000000100000000000000100000000000000100000000000000100000000000000100000000000000000000000000000000000000000000000000000000000000000000000000000000000000000000000000000
1000000001111111110000000001000001100000000000000100000000000000100000000000000100000000000000100000000000000100000000000000100000000000000100000000000000100000000000000000000000000000000000000000000000000000000000000000000000000000000000000000000000000000
1000000000000000000000000001000001100000000000000100000000000000100000000000000100000000000000100000000000000100000000000000100000000000000100000000000000100000000000000000000000000000000000000000000000000000000000000000000000000000000000000000000000000000
1000000000000000000000000001000011100000000000000100000000000000100000000000000100000000000000100000000000000100000000000000100000000000000100000000000000100000000000000000000000000000000000000000000000000000000000000000000000000000000000000000000000000000
1000000000000000000000000001000011100000000000000100000000000000100000000000000100000000000000100000000000000100000000000000100000000000000100000000000000100000000000000000000000000000000000000000000000000000000000000000000000000000000000000000000000000000
1000000000000000000000000001000111100000000000000100000000000000100000000000000100000000000000100000000000000100000000000000100000000000000100000000000000100000000000000000000000000000000000000000000000000000000000000000000000000000000000000000000000000000
1000000000000000000000000001000111100000000000000100000000000000100000000000000100000000000000100000000000000100000000000000100000000000000100000000000000100000000000000000000000000000000000000000000000000000000000000000000000000000000000000000000000000000
1000000000000000000000000001001111100000000000000100000000000000100000000000000100000000000000100000000000000100000000000000100000000000000100000000000000100000000000000000000000000000000000000000000000000000000000000000000000000000000000000000000000000000
1000000000000000000000000001001111100000000000000100000000000000100000000000000100000000000000100000000000000100000000000000100000000000000100000000000000100000000000000000000000000000000000000000000000000000000000000000000000000000000000000000000000000000
1000000000000000000000000001000111111111111111111111111111111111111111111111111111111111111111111111111111111111111111111111111111111111111111111111111111000000000000000000000000000000000000000000000000000000000000000000000000000000000000000000000000000000
1000000000000000000000000001000000000000000000000000000000000000000000000000000000000000000000000000000000000000000000000000000000000000000000000000000000000000000000000000000000000000000000000000000000000000000000000000000000000000000000000000000000000000
1000000000000000000000000001000000000000000000000000000000000000000000000000000000000000000000000000000000000000000000000000000000000000000000000000000000000000000000000000000000000000000000000000000000000000000000000000000000000000000000000000000000000000
1000000000000000000000000001000000000000000000000000000000000000000000000000000000000000000000000000000000000000000000000000000000000000000000000000000000000000000000000000000000000000000000000000000000000000000000000000000000000000000000000000000000000000
1000000000000000000000000001000000000000000000000000000000000000000000000000000000000000000000000000000000000000000000000000000000000000000000000000000000000000000000000000000000000000000000000000000000000000000000000000000000000000000000000000000000000000
1111111111111111111111111111001111111111111111111111111111111111111111111111111111111111111111111111111111111111111111111111111111111111111111111111111111111111111111111111111111111111111111111111111111111111111111111111111111111111111111111111111111111111
0000000000000000000000000000000000000000000000000000000000000000000000000000000000000000000000000000000000000000000000000000000000000000000000000000000000000000000000000000000000000000000000000000000000000000000000000000000000000000000000000000000000000000
0000000000000000000000000000000000000000000000000000000000000000000000000000000000000000000000000000000000000000000000000000000000000000000000000000000000000000000000000000000000000000000000000000000000000001111110000011000000001111100000111100000000000000
0000000000000000000000000000000000000000000000000000000000000000000000000000000000000000000000000000000000000000000000000000000000000000000000000000000000000000000000000000000000000000000000000000000000000011000011000011000000011000110001100110000000000000
0000000011000000000010000000000100000000000000000100000000000000010001000000010000000000000110000000000000000000000000000000000000000000000000000000000000000000000000000000100000100000000000100000000000000000000011001111000000000000011011000011000000000000
0000000100100000000010000000000100000000000000000100000000000000010001000000010000000000000010000000000000000000000000000000000000000000000000000000000000000000000000000001100001100000000000000000000000000000000011000011000011000000011011000011000000000000
0000000000101011001110000000000100000110011100011100110011100000010001001100111000110010110010001100011000000000000000000000000000000000000000000000000000000000000000000000100010100000110100101110001111000000000110000011000011000000110011000011000100001110
0000000011001100010010000000000100001001010010100101001010010000010101000010010001001011000010010010100100000000000000000000000000000000000000000000000000000000000000000000100100100000101010101001011000000000001100000011000000000111100001100111001100010001
0000000000101000010010000000000100001001010010100101001010010000010101001110010001111010000010010010100100000000000000000000000000000000000000000000000000000000000000000000100111100000101010101001001110000000011000000011000000000000110000111011000100010001
0000000100101000010010000000000100001001010010100101001010010000011011010010010001000010000010010010100100000000000000000000000000000000000000000000000000000000000000000000100000100000100010101001000001000000110000000011000011000000011000000011000100001111
0000000011001000001110000000000111100110010010011100110010010000010001001110001100111010000111001100011000000000000000000000000000000000000000000000000000000000000000000001110000100000100010101001011110000001100000000011000011000000011000000011000100000001
0000000000000000000000000000000000000000000000000000000000000000000000000000000000000000000000000000000000000000000000000000000000000000000000000000000000000000000000000000000000000000000000000000000000000011000000000011000000011000111011000111000100011001
0000000000000000000000000000000000000000000000000000000000000000000000000000000000000000000000000000000000000000000000000000000000000000000000000000000000000000000000000000000000000000000000000000000000000011111111000011000000001111110001111110001111001110
