0000111111111111111111111111111111111111111111111111111111111111111111111111111111111111111111111111111111111111111111111111111111111111111000000000000000000
0000100000000000000100000000000000100000000000000100000000000000100000000000000100000000000000100000000000000100000000000000100000000000000100000000000000000
0001100001000100000100000111100000100001000100000100001111100000100001111100000100001111000000100000111000000100001111000000100000111000000100000000000000000
0001100001001000000100000001000000100001000100000100001000000000100001000000000100001000100000100001000100000100001000100000100001000100000100000000000000000
0011100001010000000100000001000000100001000100000100001000000000100001000000000100001000100000100001000000000100001000100000100001000100000100000001001100100
0011100001100000000100000001000000100001111100000100001111000000100001111000000100001000100000100001000000000100001111000000100001111100000100000010010010010
0111100001010000000100000001000000100001000100000100001000000000100001000000000100001000100000100001000000000100001000100000100001000100000100000100010010001
0111100001001000000100001001000000100001000100000100001000000000100001000000000100001000100000100001000100000100001000100000100001000100000100000100001110001
1111100001000100000100000110000000100001000100000100001000000000100001111100000100001111000000100000111000000100001111000000100001000100000100000100000010001
1111100000000000000100000000000000100000000000000100000000000000100000000000000100000000000000100000000000000100000000000000100000000000000100000010010010010
0111111111111111111111111111111111111111111111111111111111111111111111111111111111111111111111111111111111111111111111111111111111111111111000000011001100100
